# Created by Octave 3.8.1, Thu Jul 14 16:26:22 2016 PDT <adrian@adrian-270E5J>
# name: checkboard_results
# type: cell
# rows: 3
# columns: 1
# name: <cell-element>
# type: matrix
# rows: 21
# columns: 21
 1.100943234373782 1.100943234373799 1.100943234373805 1.100943234373806 1.100943234373807 1.100943234373807 1.100943234373807 1.100943234373807 1.100943234373808 1.100943234373808 1.100943234373808 1.100943234373808 1.100943234373808 1.100943234373808 1.100943234373808 1.100943234373807 1.100943234373807 1.100943234373807 1.100943234373807 1.100943234373808 1.100943234373807
 1.100943234373747 1.100943234373764 1.100943234373769 1.100943234373771 1.100943234373772 1.100943234373772 1.100943234373772 1.100943234373772 1.100943234373772 1.100943234373772 1.100943234373772 1.100943234373772 1.100943234373772 1.100943234373772 1.100943234373772 1.100943234373772 1.100943234373772 1.100943234373772 1.100943234373772 1.100943234373772 1.100943234373772
 1.100943234373738 1.100943234373755 1.10094323437376 1.100943234373762 1.100943234373763 1.100943234373763 1.100943234373763 1.100943234373763 1.100943234373763 1.100943234373763 1.100943234373763 1.100943234373763 1.100943234373764 1.100943234373763 1.100943234373763 1.100943234373763 1.100943234373763 1.100943234373763 1.100943234373763 1.100943234373764 1.100943234373764
 1.100943234373734 1.100943234373751 1.100943234373756 1.100943234373758 1.100943234373758 1.100943234373758 1.100943234373759 1.100943234373759 1.100943234373759 1.100943234373759 1.100943234373759 1.100943234373759 1.100943234373759 1.100943234373759 1.100943234373759 1.100943234373759 1.100943234373759 1.100943234373759 1.100943234373759 1.100943234373759 1.100943234373758
 1.100943234373733 1.100943234373749 1.100943234373755 1.100943234373757 1.100943234373757 1.100943234373757 1.100943234373757 1.100943234373758 1.100943234373758 1.100943234373758 1.100943234373757 1.100943234373757 1.100943234373758 1.100943234373758 1.100943234373758 1.100943234373758 1.100943234373757 1.100943234373757 1.100943234373757 1.100943234373757 1.100943234373757
 1.100943234373733 1.10094323437375 1.100943234373756 1.100943234373758 1.100943234373758 1.100943234373758 1.100943234373758 1.100943234373758 1.100943234373758 1.100943234373758 1.100943234373758 1.100943234373758 1.100943234373758 1.100943234373758 1.100943234373758 1.100943234373758 1.100943234373758 1.100943234373758 1.100943234373758 1.100943234373758 1.100943234373758
 1.100943234373732 1.100943234373749 1.100943234373754 1.100943234373756 1.100943234373757 1.100943234373757 1.100943234373757 1.100943234373757 1.100943234373757 1.100943234373757 1.100943234373757 1.100943234373757 1.100943234373757 1.100943234373757 1.100943234373757 1.100943234373757 1.100943234373757 1.100943234373757 1.100943234373757 1.100943234373757 1.100943234373757
 1.100943234373732 1.100943234373749 1.100943234373755 1.100943234373756 1.100943234373757 1.100943234373757 1.100943234373758 1.100943234373758 1.100943234373757 1.100943234373757 1.100943234373757 1.100943234373758 1.100943234373758 1.100943234373757 1.100943234373758 1.100943234373757 1.100943234373757 1.100943234373757 1.100943234373757 1.100943234373757 1.100943234373757
 1.100943234373732 1.100943234373749 1.100943234373754 1.100943234373756 1.100943234373757 1.100943234373757 1.100943234373757 1.100943234373757 1.100943234373757 1.100943234373757 1.100943234373757 1.100943234373757 1.100943234373757 1.100943234373756 1.100943234373757 1.100943234373757 1.100943234373757 1.100943234373757 1.100943234373757 1.100943234373757 1.100943234373757
 1.100943234373732 1.100943234373749 1.100943234373755 1.100943234373757 1.100943234373757 1.100943234373758 1.100943234373758 1.100943234373757 1.100943234373757 1.100943234373757 1.100943234373758 1.100943234373758 1.100943234373757 1.100943234373757 1.100943234373758 1.100943234373757 1.100943234373758 1.100943234373758 1.100943234373758 1.100943234373758 1.100943234373758
 1.100943234373733 1.10094323437375 1.100943234373756 1.100943234373758 1.100943234373758 1.100943234373758 1.100943234373759 1.100943234373758 1.100943234373759 1.100943234373759 1.100943234373759 1.100943234373759 1.100943234373759 1.100943234373759 1.100943234373759 1.100943234373759 1.10094323437376 1.100943234373759 1.10094323437376 1.10094323437376 1.10094323437376
 1.100943234373732 1.100943234373749 1.100943234373755 1.100943234373756 1.100943234373757 1.100943234373758 1.100943234373758 1.100943234373758 1.100943234373758 1.100943234373758 1.100943234373758 1.100943234373758 1.100943234373758 1.100943234373758 1.100943234373758 1.100943234373758 1.100943234373758 1.100943234373758 1.100943234373757 1.100943234373758 1.100943234373758
 1.100943234373732 1.100943234373749 1.100943234373754 1.100943234373756 1.100943234373756 1.100943234373757 1.100943234373757 1.100943234373757 1.100943234373757 1.100943234373757 1.100943234373757 1.100943234373757 1.100943234373757 1.100943234373757 1.100943234373757 1.100943234373757 1.100943234373757 1.100943234373756 1.100943234373757 1.100943234373757 1.100943234373756
 1.100943234373732 1.100943234373749 1.100943234373755 1.100943234373756 1.100943234373757 1.100943234373757 1.100943234373757 1.100943234373757 1.100943234373757 1.100943234373757 1.100943234373757 1.100943234373757 1.100943234373757 1.100943234373757 1.100943234373757 1.100943234373757 1.100943234373757 1.100943234373757 1.100943234373757 1.100943234373757 1.100943234373757
 1.100943234373732 1.100943234373749 1.100943234373755 1.100943234373756 1.100943234373757 1.100943234373758 1.100943234373757 1.100943234373757 1.100943234373757 1.100943234373757 1.100943234373757 1.100943234373757 1.100943234373757 1.100943234373757 1.100943234373757 1.100943234373757 1.100943234373757 1.100943234373757 1.100943234373758 1.100943234373757 1.100943234373758
 1.100943234373732 1.100943234373749 1.100943234373755 1.100943234373756 1.100943234373757 1.100943234373758 1.100943234373758 1.100943234373758 1.100943234373757 1.100943234373758 1.100943234373758 1.100943234373758 1.100943234373758 1.100943234373758 1.100943234373758 1.100943234373758 1.100943234373758 1.100943234373758 1.100943234373758 1.100943234373758 1.100943234373758
 1.100943234373732 1.100943234373749 1.100943234373755 1.100943234373756 1.100943234373757 1.100943234373757 1.100943234373758 1.100943234373758 1.100943234373758 1.100943234373758 1.100943234373758 1.100943234373758 1.100943234373757 1.100943234373758 1.100943234373758 1.100943234373758 1.100943234373757 1.100943234373758 1.100943234373757 1.100943234373757 1.100943234373757
 1.100943234373732 1.100943234373749 1.100943234373755 1.100943234373756 1.100943234373757 1.100943234373757 1.100943234373757 1.100943234373757 1.100943234373757 1.100943234373757 1.100943234373757 1.100943234373757 1.100943234373757 1.100943234373757 1.100943234373757 1.100943234373757 1.100943234373757 1.100943234373757 1.100943234373757 1.100943234373757 1.100943234373757
 1.100943234373731 1.100943234373748 1.100943234373754 1.100943234373755 1.100943234373756 1.100943234373756 1.100943234373756 1.100943234373756 1.100943234373756 1.100943234373756 1.100943234373756 1.100943234373756 1.100943234373756 1.100943234373756 1.100943234373757 1.100943234373756 1.100943234373756 1.100943234373756 1.100943234373756 1.100943234373756 1.100943234373756
 1.100943234373732 1.10094323437375 1.100943234373755 1.100943234373756 1.100943234373757 1.100943234373758 1.100943234373758 1.100943234373757 1.100943234373757 1.100943234373758 1.100943234373758 1.100943234373758 1.100943234373758 1.100943234373758 1.100943234373758 1.100943234373758 1.100943234373758 1.100943234373758 1.100943234373758 1.100943234373757 1.100943234373758
 1.100943234373733 1.10094323437375 1.100943234373755 1.100943234373757 1.100943234373758 1.100943234373758 1.100943234373758 1.100943234373758 1.100943234373758 1.100943234373758 1.100943234373758 1.100943234373758 1.100943234373758 1.100943234373758 1.100943234373758 1.100943234373758 1.100943234373758 1.100943234373758 1.100943234373758 1.100943234373758 1.100943234373758


# name: <cell-element>
# type: matrix
# rows: 21
# columns: 21
 1.100943234772132 1.10094323477215 1.100943234772156 1.100943234772159 1.100943234772159 1.100943234772159 1.10094323477216 1.100943234772159 1.100943234772159 1.100943234772159 1.100943234772159 1.100943234772159 1.100943234772159 1.100943234772159 1.100943234772159 1.100943234772159 1.100943234772159 1.100943234772159 1.100943234772159 1.100943234772159 1.100943234772159
 1.100943234772093 1.100943234772111 1.100943234772117 1.100943234772119 1.10094323477212 1.10094323477212 1.10094323477212 1.10094323477212 1.10094323477212 1.10094323477212 1.10094323477212 1.10094323477212 1.100943234772119 1.100943234772119 1.100943234772119 1.100943234772119 1.100943234772119 1.10094323477212 1.100943234772119 1.100943234772119 1.100943234772119
 1.10094323477208 1.100943234772098 1.100943234772104 1.100943234772106 1.100943234772107 1.100943234772107 1.100943234772107 1.100943234772107 1.100943234772107 1.100943234772107 1.100943234772108 1.100943234772108 1.100943234772108 1.100943234772107 1.100943234772108 1.100943234772108 1.100943234772108 1.100943234772108 1.100943234772108 1.100943234772108 1.100943234772108
 1.100943234772076 1.100943234772094 1.1009432347721 1.100943234772102 1.100943234772103 1.100943234772103 1.100943234772104 1.100943234772104 1.100943234772104 1.100943234772104 1.100943234772104 1.100943234772104 1.100943234772104 1.100943234772104 1.100943234772104 1.100943234772104 1.100943234772104 1.100943234772104 1.100943234772104 1.100943234772104 1.100943234772104
 1.100943234772074 1.100943234772092 1.100943234772098 1.1009432347721 1.100943234772101 1.100943234772101 1.100943234772101 1.100943234772101 1.100943234772101 1.100943234772101 1.100943234772101 1.100943234772102 1.100943234772101 1.100943234772101 1.100943234772101 1.100943234772101 1.100943234772101 1.100943234772101 1.100943234772101 1.100943234772101 1.1009432347721
 1.100943234772073 1.100943234772092 1.100943234772098 1.1009432347721 1.1009432347721 1.100943234772101 1.100943234772101 1.100943234772101 1.100943234772101 1.100943234772101 1.100943234772101 1.100943234772101 1.1009432347721 1.100943234772101 1.100943234772101 1.100943234772101 1.100943234772101 1.100943234772101 1.100943234772101 1.100943234772101 1.100943234772101
 1.100943234772074 1.100943234772092 1.100943234772099 1.100943234772101 1.100943234772101 1.100943234772102 1.100943234772102 1.100943234772101 1.100943234772102 1.100943234772102 1.100943234772102 1.100943234772102 1.100943234772102 1.100943234772102 1.100943234772102 1.100943234772102 1.100943234772102 1.100943234772102 1.100943234772102 1.100943234772102 1.100943234772102
 1.100943234772074 1.100943234772092 1.100943234772099 1.1009432347721 1.100943234772101 1.100943234772101 1.100943234772102 1.100943234772102 1.100943234772102 1.100943234772102 1.100943234772102 1.100943234772102 1.100943234772101 1.100943234772101 1.100943234772102 1.100943234772101 1.100943234772101 1.100943234772101 1.100943234772102 1.100943234772102 1.100943234772101
 1.100943234772073 1.100943234772092 1.100943234772098 1.1009432347721 1.1009432347721 1.100943234772101 1.100943234772101 1.1009432347721 1.100943234772101 1.100943234772101 1.100943234772101 1.1009432347721 1.100943234772101 1.1009432347721 1.1009432347721 1.1009432347721 1.1009432347721 1.1009432347721 1.1009432347721 1.1009432347721 1.1009432347721
 1.100943234772074 1.100943234772093 1.100943234772099 1.100943234772101 1.100943234772101 1.100943234772101 1.100943234772102 1.100943234772101 1.100943234772101 1.100943234772102 1.100943234772102 1.100943234772102 1.100943234772102 1.100943234772102 1.100943234772102 1.100943234772101 1.100943234772102 1.100943234772102 1.100943234772102 1.100943234772102 1.100943234772102
 1.100943234772074 1.100943234772093 1.100943234772099 1.100943234772101 1.100943234772101 1.100943234772102 1.100943234772102 1.100943234772102 1.100943234772102 1.100943234772102 1.100943234772102 1.100943234772102 1.100943234772102 1.100943234772102 1.100943234772102 1.100943234772102 1.100943234772102 1.100943234772102 1.100943234772102 1.100943234772102 1.100943234772102
 1.100943234772073 1.100943234772092 1.100943234772098 1.1009432347721 1.1009432347721 1.1009432347721 1.100943234772101 1.100943234772101 1.100943234772102 1.100943234772101 1.100943234772101 1.100943234772101 1.100943234772101 1.100943234772101 1.100943234772101 1.100943234772101 1.100943234772101 1.1009432347721 1.100943234772101 1.100943234772101 1.100943234772101
 1.100943234772073 1.100943234772092 1.100943234772098 1.1009432347721 1.100943234772101 1.100943234772101 1.100943234772101 1.100943234772101 1.100943234772101 1.100943234772101 1.100943234772101 1.100943234772101 1.100943234772101 1.100943234772101 1.100943234772101 1.100943234772101 1.100943234772101 1.1009432347721 1.100943234772101 1.1009432347721 1.100943234772101
 1.100943234772073 1.100943234772091 1.100943234772098 1.1009432347721 1.1009432347721 1.1009432347721 1.1009432347721 1.1009432347721 1.1009432347721 1.1009432347721 1.1009432347721 1.1009432347721 1.1009432347721 1.1009432347721 1.1009432347721 1.1009432347721 1.1009432347721 1.1009432347721 1.1009432347721 1.1009432347721 1.1009432347721
 1.100943234772074 1.100943234772092 1.100943234772098 1.1009432347721 1.100943234772101 1.100943234772101 1.100943234772101 1.100943234772102 1.100943234772102 1.100943234772102 1.100943234772102 1.100943234772101 1.100943234772102 1.100943234772101 1.100943234772101 1.100943234772102 1.100943234772101 1.100943234772101 1.100943234772101 1.100943234772101 1.100943234772101
 1.100943234772074 1.100943234772092 1.100943234772099 1.100943234772101 1.100943234772102 1.100943234772102 1.100943234772102 1.100943234772102 1.100943234772102 1.100943234772102 1.100943234772102 1.100943234772102 1.100943234772102 1.100943234772102 1.100943234772102 1.100943234772102 1.100943234772102 1.100943234772102 1.100943234772102 1.100943234772102 1.100943234772102
 1.100943234772074 1.100943234772092 1.100943234772098 1.1009432347721 1.100943234772101 1.100943234772101 1.100943234772101 1.100943234772102 1.100943234772101 1.100943234772101 1.100943234772101 1.100943234772102 1.100943234772102 1.100943234772102 1.100943234772102 1.100943234772101 1.100943234772101 1.100943234772101 1.100943234772102 1.100943234772101 1.100943234772101
 1.100943234772074 1.100943234772092 1.100943234772098 1.1009432347721 1.100943234772101 1.100943234772101 1.100943234772101 1.100943234772101 1.100943234772101 1.100943234772101 1.100943234772101 1.100943234772102 1.100943234772101 1.100943234772102 1.100943234772102 1.100943234772101 1.100943234772102 1.100943234772102 1.100943234772102 1.100943234772101 1.100943234772102
 1.100943234772073 1.100943234772092 1.100943234772098 1.1009432347721 1.100943234772101 1.100943234772101 1.100943234772101 1.100943234772102 1.100943234772101 1.100943234772101 1.100943234772101 1.100943234772102 1.100943234772102 1.100943234772102 1.100943234772102 1.100943234772102 1.100943234772102 1.100943234772102 1.100943234772102 1.100943234772102 1.100943234772102
 1.100943234772074 1.100943234772092 1.100943234772098 1.1009432347721 1.100943234772101 1.100943234772101 1.100943234772101 1.100943234772102 1.100943234772102 1.100943234772101 1.100943234772102 1.100943234772101 1.100943234772102 1.100943234772102 1.100943234772101 1.100943234772101 1.100943234772101 1.100943234772101 1.100943234772102 1.100943234772101 1.100943234772101
 1.100943234772073 1.100943234772092 1.100943234772098 1.1009432347721 1.1009432347721 1.1009432347721 1.100943234772101 1.100943234772101 1.100943234772101 1.1009432347721 1.1009432347721 1.1009432347721 1.1009432347721 1.1009432347721 1.1009432347721 1.1009432347721 1.1009432347721 1.1009432347721 1.1009432347721 1.1009432347721 1.1009432347721


# name: <cell-element>
# type: matrix
# rows: 21
# columns: 21
 1.100943234910433 1.100943234910453 1.100943234910459 1.100943234910462 1.100943234910462 1.100943234910462 1.100943234910463 1.100943234910463 1.100943234910463 1.100943234910463 1.100943234910463 1.100943234910463 1.100943234910463 1.100943234910463 1.100943234910463 1.100943234910463 1.100943234910463 1.100943234910462 1.100943234910463 1.100943234910463 1.100943234910463
 1.10094323491039 1.100943234910409 1.100943234910416 1.100943234910418 1.100943234910419 1.10094323491042 1.100943234910419 1.10094323491042 1.100943234910419 1.100943234910419 1.100943234910419 1.10094323491042 1.100943234910419 1.100943234910419 1.100943234910419 1.100943234910419 1.100943234910418 1.100943234910419 1.100943234910419 1.100943234910419 1.100943234910419
 1.100943234910376 1.100943234910395 1.100943234910402 1.100943234910404 1.100943234910405 1.100943234910405 1.100943234910405 1.100943234910405 1.100943234910405 1.100943234910405 1.100943234910405 1.100943234910405 1.100943234910405 1.100943234910405 1.100943234910404 1.100943234910405 1.100943234910404 1.100943234910404 1.100943234910404 1.100943234910405 1.100943234910405
 1.10094323491037 1.10094323491039 1.100943234910396 1.100943234910398 1.100943234910399 1.100943234910399 1.1009432349104 1.100943234910399 1.1009432349104 1.100943234910399 1.1009432349104 1.1009432349104 1.1009432349104 1.1009432349104 1.1009432349104 1.1009432349104 1.1009432349104 1.1009432349104 1.1009432349104 1.1009432349104 1.1009432349104
 1.100943234910369 1.100943234910389 1.100943234910396 1.100943234910398 1.100943234910399 1.100943234910399 1.100943234910399 1.100943234910399 1.100943234910399 1.100943234910399 1.100943234910399 1.100943234910399 1.100943234910399 1.100943234910399 1.1009432349104 1.100943234910399 1.100943234910399 1.100943234910399 1.100943234910398 1.100943234910399 1.100943234910399
 1.100943234910369 1.100943234910389 1.100943234910396 1.100943234910398 1.100943234910399 1.100943234910399 1.100943234910399 1.100943234910399 1.100943234910399 1.100943234910399 1.100943234910399 1.100943234910399 1.100943234910399 1.100943234910399 1.100943234910399 1.100943234910398 1.100943234910398 1.100943234910398 1.100943234910398 1.100943234910399 1.100943234910399
 1.100943234910369 1.100943234910389 1.100943234910395 1.100943234910398 1.100943234910398 1.100943234910399 1.100943234910398 1.100943234910398 1.100943234910399 1.100943234910399 1.100943234910398 1.100943234910399 1.100943234910399 1.100943234910399 1.100943234910399 1.100943234910399 1.100943234910399 1.100943234910399 1.100943234910399 1.100943234910399 1.100943234910399
 1.100943234910368 1.100943234910388 1.100943234910394 1.100943234910397 1.100943234910397 1.100943234910398 1.100943234910398 1.100943234910398 1.100943234910398 1.100943234910398 1.100943234910398 1.100943234910398 1.100943234910398 1.100943234910398 1.100943234910398 1.100943234910398 1.100943234910398 1.100943234910398 1.100943234910398 1.100943234910398 1.100943234910398
 1.100943234910367 1.100943234910387 1.100943234910394 1.100943234910396 1.100943234910397 1.100943234910397 1.100943234910397 1.100943234910397 1.100943234910397 1.100943234910397 1.100943234910397 1.100943234910397 1.100943234910397 1.100943234910397 1.100943234910397 1.100943234910397 1.100943234910397 1.100943234910397 1.100943234910397 1.100943234910397 1.100943234910397
 1.100943234910369 1.100943234910388 1.100943234910395 1.100943234910397 1.100943234910398 1.100943234910398 1.100943234910398 1.100943234910399 1.100943234910398 1.100943234910398 1.100943234910399 1.100943234910398 1.100943234910398 1.100943234910398 1.100943234910398 1.100943234910398 1.100943234910398 1.100943234910398 1.100943234910398 1.100943234910398 1.100943234910398
 1.100943234910369 1.100943234910388 1.100943234910395 1.100943234910397 1.100943234910398 1.100943234910398 1.100943234910398 1.100943234910398 1.100943234910398 1.100943234910399 1.100943234910399 1.100943234910399 1.100943234910399 1.100943234910399 1.100943234910399 1.100943234910399 1.100943234910399 1.100943234910399 1.100943234910398 1.100943234910398 1.100943234910398
 1.100943234910368 1.100943234910388 1.100943234910394 1.100943234910397 1.100943234910397 1.100943234910397 1.100943234910397 1.100943234910398 1.100943234910398 1.100943234910398 1.100943234910398 1.100943234910397 1.100943234910398 1.100943234910398 1.100943234910398 1.100943234910398 1.100943234910398 1.100943234910398 1.100943234910398 1.100943234910398 1.100943234910398
 1.100943234910368 1.100943234910388 1.100943234910395 1.100943234910397 1.100943234910397 1.100943234910398 1.100943234910398 1.100943234910397 1.100943234910398 1.100943234910397 1.100943234910397 1.100943234910397 1.100943234910398 1.100943234910397 1.100943234910398 1.100943234910398 1.100943234910398 1.100943234910398 1.100943234910398 1.100943234910398 1.100943234910397
 1.100943234910369 1.100943234910388 1.100943234910394 1.100943234910397 1.100943234910397 1.100943234910398 1.100943234910398 1.100943234910398 1.100943234910398 1.100943234910398 1.100943234910398 1.100943234910398 1.100943234910398 1.100943234910398 1.100943234910398 1.100943234910398 1.100943234910398 1.100943234910398 1.100943234910398 1.100943234910398 1.100943234910398
 1.100943234910368 1.100943234910388 1.100943234910395 1.100943234910397 1.100943234910398 1.100943234910398 1.100943234910398 1.100943234910398 1.100943234910398 1.100943234910398 1.100943234910398 1.100943234910398 1.100943234910398 1.100943234910398 1.100943234910398 1.100943234910399 1.100943234910398 1.100943234910398 1.100943234910398 1.100943234910399 1.100943234910399
 1.100943234910368 1.100943234910388 1.100943234910395 1.100943234910397 1.100943234910397 1.100943234910398 1.100943234910398 1.100943234910398 1.100943234910397 1.100943234910398 1.100943234910398 1.100943234910398 1.100943234910398 1.100943234910398 1.100943234910398 1.100943234910398 1.100943234910398 1.100943234910398 1.100943234910398 1.100943234910398 1.100943234910398
 1.100943234910368 1.100943234910388 1.100943234910394 1.100943234910396 1.100943234910397 1.100943234910397 1.100943234910397 1.100943234910397 1.100943234910397 1.100943234910398 1.100943234910397 1.100943234910397 1.100943234910397 1.100943234910397 1.100943234910397 1.100943234910397 1.100943234910397 1.100943234910397 1.100943234910397 1.100943234910397 1.100943234910397
 1.100943234910369 1.100943234910388 1.100943234910395 1.100943234910397 1.100943234910398 1.100943234910398 1.100943234910398 1.100943234910398 1.100943234910398 1.100943234910398 1.100943234910398 1.100943234910398 1.100943234910398 1.100943234910398 1.100943234910398 1.100943234910398 1.100943234910398 1.100943234910398 1.100943234910398 1.100943234910398 1.100943234910398
 1.100943234910369 1.100943234910389 1.100943234910395 1.100943234910398 1.100943234910399 1.100943234910399 1.100943234910399 1.100943234910399 1.100943234910398 1.100943234910399 1.100943234910399 1.100943234910399 1.100943234910399 1.1009432349104 1.100943234910399 1.100943234910399 1.100943234910399 1.100943234910399 1.100943234910398 1.100943234910399 1.100943234910398
 1.100943234910368 1.100943234910388 1.100943234910394 1.100943234910397 1.100943234910398 1.100943234910398 1.100943234910398 1.100943234910397 1.100943234910397 1.100943234910397 1.100943234910397 1.100943234910397 1.100943234910397 1.100943234910397 1.100943234910397 1.100943234910397 1.100943234910397 1.100943234910397 1.100943234910397 1.100943234910397 1.100943234910397
 1.100943234910368 1.100943234910388 1.100943234910394 1.100943234910397 1.100943234910397 1.100943234910397 1.100943234910398 1.100943234910398 1.100943234910398 1.100943234910397 1.100943234910398 1.100943234910397 1.100943234910398 1.100943234910398 1.100943234910398 1.100943234910398 1.100943234910398 1.100943234910398 1.100943234910398 1.100943234910398 1.100943234910398





