# Created by Octave 3.8.1, Thu Jul 07 18:08:38 2016 PDT <adrian@adrian-270E5J>
# name: equivariant_withone
# type: cell
# rows: 15
# columns: 1
# name: <cell-element>
# type: matrix
# rows: 19
# columns: 19
 2.125 2.125 2.132352941176471 2.132352941176471 2.132758620689655 2.132758620689655 2.132780921584478 2.132780921584478 2.132782147256704 2.132782147256704 2.132782214619734 2.132782214619734 2.132782218322008 2.132782218322008 2.132782218525485 2.132782218525485 2.132782218536668 2.132782218536668 2.132782218537283
 2.125 2.125 2.132352941176471 2.132352941176471 2.132758620689655 2.132758620689655 2.132780921584478 2.132780921584478 2.132782147256704 2.132782147256704 2.132782214619734 2.132782214619734 2.132782218322008 2.132782218322008 2.132782218525485 2.132782218525485 2.132782218536668 2.132782218536668 2.132782218537283
 2.125 2.125 2.132352941176471 2.132352941176471 2.132758620689655 2.132758620689655 2.132780921584478 2.132780921584478 2.132782147256704 2.132782147256704 2.132782214619734 2.132782214619734 2.132782218322008 2.132782218322008 2.132782218525485 2.132782218525485 2.132782218536668 2.132782218536668 2.132782218537283
 2.125 2.125 2.132352941176471 2.132352941176471 2.132758620689655 2.132758620689655 2.132780921584478 2.132780921584478 2.132782147256704 2.132782147256704 2.132782214619734 2.132782214619734 2.132782218322008 2.132782218322008 2.132782218525485 2.132782218525485 2.132782218536668 2.132782218536668 2.132782218537283
 2.125 2.125 2.132352941176471 2.132352941176471 2.132758620689655 2.132758620689655 2.132780921584478 2.132780921584478 2.132782147256704 2.132782147256704 2.132782214619734 2.132782214619734 2.132782218322008 2.132782218322008 2.132782218525485 2.132782218525485 2.132782218536668 2.132782218536668 2.132782218537283
 2.125 2.125 2.132352941176471 2.132352941176471 2.132758620689655 2.132758620689655 2.132780921584478 2.132780921584478 2.132782147256704 2.132782147256704 2.132782214619734 2.132782214619734 2.132782218322008 2.132782218322008 2.132782218525485 2.132782218525485 2.132782218536668 2.132782218536668 2.132782218537283
 2.125 2.125 2.132352941176471 2.132352941176471 2.132758620689655 2.132758620689655 2.132780921584478 2.132780921584478 2.132782147256704 2.132782147256704 2.132782214619734 2.132782214619734 2.132782218322008 2.132782218322008 2.132782218525485 2.132782218525485 2.132782218536668 2.132782218536668 2.132782218537283
 2.125 2.125 2.132352941176471 2.132352941176471 2.132758620689655 2.132758620689655 2.132780921584478 2.132780921584478 2.132782147256704 2.132782147256704 2.132782214619734 2.132782214619734 2.132782218322008 2.132782218322008 2.132782218525485 2.132782218525485 2.132782218536668 2.132782218536668 2.132782218537283
 2.125 2.125 2.132352941176471 2.132352941176471 2.132758620689655 2.132758620689655 2.132780921584478 2.132780921584478 2.132782147256704 2.132782147256704 2.132782214619734 2.132782214619734 2.132782218322008 2.132782218322008 2.132782218525485 2.132782218525485 2.132782218536668 2.132782218536668 2.132782218537283
 2.125 2.125 2.132352941176471 2.132352941176471 2.132758620689655 2.132758620689655 2.132780921584478 2.132780921584478 2.132782147256704 2.132782147256704 2.132782214619734 2.132782214619734 2.132782218322008 2.132782218322008 2.132782218525485 2.132782218525485 2.132782218536668 2.132782218536668 2.132782218537283
 2.125 2.125 2.132352941176471 2.132352941176471 2.132758620689655 2.132758620689655 2.132780921584478 2.132780921584478 2.132782147256704 2.132782147256704 2.132782214619734 2.132782214619734 2.132782218322008 2.132782218322008 2.132782218525485 2.132782218525485 2.132782218536668 2.132782218536668 2.132782218537283
 2.125 2.125 2.132352941176471 2.132352941176471 2.132758620689655 2.132758620689655 2.132780921584478 2.132780921584478 2.132782147256704 2.132782147256704 2.132782214619734 2.132782214619734 2.132782218322008 2.132782218322008 2.132782218525485 2.132782218525485 2.132782218536668 2.132782218536668 2.132782218537283
 2.125 2.125 2.132352941176471 2.132352941176471 2.132758620689655 2.132758620689655 2.132780921584478 2.132780921584478 2.132782147256704 2.132782147256704 2.132782214619734 2.132782214619734 2.132782218322008 2.132782218322008 2.132782218525485 2.132782218525485 2.132782218536668 2.132782218536668 2.132782218537283
 2.125 2.125 2.132352941176471 2.132352941176471 2.132758620689655 2.132758620689655 2.132780921584478 2.132780921584478 2.132782147256704 2.132782147256704 2.132782214619734 2.132782214619734 2.132782218322008 2.132782218322008 2.132782218525485 2.132782218525485 2.132782218536668 2.132782218536668 2.132782218537283
 2.125 2.125 2.132352941176471 2.132352941176471 2.132758620689655 2.132758620689655 2.132780921584478 2.132780921584478 2.132782147256704 2.132782147256704 2.132782214619734 2.132782214619734 2.132782218322008 2.132782218322008 2.132782218525485 2.132782218525485 2.132782218536668 2.132782218536668 2.132782218537283
 2.125 2.125 2.132352941176471 2.132352941176471 2.132758620689655 2.132758620689655 2.132780921584478 2.132780921584478 2.132782147256704 2.132782147256704 2.132782214619734 2.132782214619734 2.132782218322008 2.132782218322008 2.132782218525485 2.132782218525485 2.132782218536668 2.132782218536668 2.132782218537283
 2.125 2.125 2.132352941176471 2.132352941176471 2.132758620689655 2.132758620689655 2.132780921584478 2.132780921584478 2.132782147256704 2.132782147256704 2.132782214619734 2.132782214619734 2.132782218322008 2.132782218322008 2.132782218525485 2.132782218525485 2.132782218536668 2.132782218536668 2.132782218537283
 2.125 2.125 2.132352941176471 2.132352941176471 2.132758620689655 2.132758620689655 2.132780921584478 2.132780921584478 2.132782147256704 2.132782147256704 2.132782214619734 2.132782214619734 2.132782218322008 2.132782218322008 2.132782218525485 2.132782218525485 2.132782218536668 2.132782218536668 2.132782218537283
 2.125 2.125 2.132352941176471 2.132352941176471 2.132758620689655 2.132758620689655 2.132780921584478 2.132780921584478 2.132782147256704 2.132782147256704 2.132782214619734 2.132782214619734 2.132782218322008 2.132782218322008 2.132782218525485 2.132782218525485 2.132782218536668 2.132782218536668 2.132782218537283


# name: <cell-element>
# type: matrix
# rows: 19
# columns: 19
 2.147058823529412 2.172413793103448 2.184590690208668 2.187802156935664 2.188914708666839 2.189248382279741 2.189355734556558 2.189389056905667 2.189399586002947 2.18940288319569 2.189403920362385 2.189404245877967 2.189404348156993 2.18940438027544 2.189404390364397 2.189404393533059 2.189404394528319 2.189404394840914 2.189404394939097
 2.147058823529412 2.172413793103448 2.184590690208668 2.187802156935664 2.188914708666839 2.189248382279741 2.189355734556558 2.189389056905667 2.189399586002947 2.18940288319569 2.189403920362385 2.189404245877967 2.189404348156993 2.18940438027544 2.189404390364397 2.189404393533059 2.189404394528319 2.189404394840914 2.189404394939097
 2.148275862068965 2.173807599029911 2.186077140169332 2.1893117126542 2.190432475511213 2.190768577316315 2.190876716040999 2.190910281653508 2.190920887747666 2.190924209031014 2.190925253778939 2.190925581673376 2.190925684699934 2.190925717053114 2.190925727215808 2.190925730407628 2.190925731410162 2.190925731725041 2.190925731823941
 2.148275862068965 2.173807599029911 2.186077140169332 2.1893117126542 2.190432475511213 2.190768577316315 2.190876716040999 2.190910281653508 2.190920887747666 2.190924209031014 2.190925253778939 2.190925581673376 2.190925684699934 2.190925717053114 2.190925727215808 2.190925730407628 2.190925731410162 2.190925731725041 2.190925731823941
 2.148342764753436 2.173884203544016 2.186158833778091 2.189394674855528 2.190515888641747 2.190852123778257 2.190960305689265 2.190993884659703 2.191004494981931 2.191007817588138 2.191008862752363 2.191009190777427 2.191009293845034 2.191009326211104 2.191009336377846 2.191009339570938 2.191009340573872 2.191009340888876 2.191009340987816
 2.148342764753436 2.173884203544016 2.186158833778091 2.189394674855528 2.190515888641747 2.190852123778257 2.190960305689265 2.190993884659703 2.191004494981931 2.191007817588138 2.191008862752363 2.191009190777427 2.191009293845034 2.191009326211104 2.191009336377846 2.191009339570938 2.191009340573872 2.191009340888876 2.191009340987816
 2.148346441770113 2.173888413733353 2.186163323656312 2.189399234451709 2.190520473019941 2.190856715483982 2.1909648997684 2.190998479472953 2.191009090027546 2.191012412706453 2.191013457893558 2.191013785925801 2.191013888995664 2.191013921362442 2.191013931529407 2.191013934722568 2.191013935725524 2.191013936040536 2.191013936139478
 2.148346441770113 2.173888413733353 2.186163323656312 2.189399234451709 2.190520473019941 2.190856715483982 2.1909648997684 2.190998479472953 2.191009090027546 2.191012412706453 2.191013457893558 2.191013785925801 2.191013888995664 2.191013921362442 2.191013931529407 2.191013934722568 2.191013935725524 2.191013936040536 2.191013936139478
 2.148346643859201 2.173888645125506 2.186163570420152 2.189399485047239 2.190520724977488 2.190856967844248 2.190965152259109 2.19099873200401 2.191009342571373 2.191012665254276 2.191013710442638 2.191014038475275 2.191014141545262 2.191014173912079 2.191014184079056 2.191014187272222 2.191014188275179 2.191014188590191 2.191014188689133
 2.148346643859201 2.173888645125506 2.186163570420152 2.189399485047239 2.190520724977488 2.190856967844248 2.190965152259109 2.19099873200401 2.191009342571373 2.191012665254276 2.191013710442638 2.191014038475275 2.191014141545262 2.191014173912079 2.191014184079056 2.191014187272222 2.191014188275179 2.191014188590191 2.191014188689133
 2.148346654966024 2.173888657842827 2.1861635839823 2.189399498819978 2.190520738825083 2.190856981713977 2.190965166136007 2.190998745883125 2.19100935645119 2.191012679134313 2.191013724322743 2.191014052355403 2.191014155425396 2.191014187792216 2.191014197959193 2.191014201152359 2.191014202155316 2.191014202470328 2.191014202569269
 2.148346654966024 2.173888657842827 2.1861635839823 2.189399498819978 2.190520738825083 2.190856981713977 2.190965166136007 2.190998745883125 2.19100935645119 2.191012679134313 2.191013724322743 2.191014052355403 2.191014155425396 2.191014187792216 2.191014197959193 2.191014201152359 2.191014202155316 2.191014202470328 2.191014202569269
 2.148346655576456 2.173888658541771 2.186163584727677 2.189399499576928 2.190520739586147 2.190856982476258 2.190965166898682 2.190998746645922 2.191009357214025 2.19101267989716 2.191013725085595 2.191014053118255 2.191014156188249 2.191014188555068 2.191014198722046 2.191014201915212 2.191014202918169 2.191014203233181 2.191014203332123
 2.148346655576456 2.173888658541771 2.186163584727677 2.189399499576928 2.190520739586147 2.190856982476258 2.190965166898682 2.190998746645922 2.191009357214025 2.19101267989716 2.191013725085595 2.191014053118255 2.191014156188249 2.191014188555068 2.191014198722046 2.191014201915212 2.191014202918169 2.191014203233181 2.191014203332123
 2.148346655610005 2.173888658580185 2.186163584768642 2.18939949961853 2.190520739627975 2.190856982518153 2.190965166940599 2.190998746687845 2.19100935725595 2.191012679939086 2.191013725127521 2.191014053160182 2.191014156230175 2.191014188596994 2.191014198763973 2.191014201957138 2.191014202960095 2.191014203275107 2.191014203374049
 2.148346655610005 2.173888658580185 2.186163584768642 2.18939949961853 2.190520739627975 2.190856982518153 2.190965166940599 2.190998746687845 2.19100935725595 2.191012679939086 2.191013725127521 2.191014053160182 2.191014156230175 2.191014188596994 2.191014198763973 2.191014201957138 2.191014202960095 2.191014203275107 2.191014203374049
 2.148346655611849 2.173888658582297 2.186163584770894 2.189399499620816 2.190520739630274 2.190856982520455 2.190965166942902 2.190998746690149 2.191009357258255 2.19101267994139 2.191013725129825 2.191014053162486 2.19101415623248 2.1910141885993 2.191014198766277 2.191014201959443 2.1910142029624 2.191014203277412 2.191014203376354
 2.148346655611849 2.173888658582297 2.186163584770894 2.189399499620816 2.190520739630274 2.190856982520455 2.190965166942902 2.190998746690149 2.191009357258255 2.19101267994139 2.191013725129825 2.191014053162486 2.19101415623248 2.1910141885993 2.191014198766277 2.191014201959443 2.1910142029624 2.191014203277412 2.191014203376354
 2.14834665561195 2.173888658582412 2.186163584771017 2.189399499620942 2.1905207396304 2.190856982520582 2.190965166943029 2.190998746690275 2.191009357258381 2.191012679941516 2.191013725129952 2.191014053162613 2.191014156232606 2.191014188599426 2.191014198766404 2.19101420195957 2.191014202962527 2.191014203277539 2.191014203376481


# name: <cell-element>
# type: matrix
# rows: 19
# columns: 19
 2.157534246575342 2.187301587301587 2.20679117147708 2.211431226765799 2.213974085615876 2.214600795647079 2.214936548203317 2.215019682515972 2.215064088728737 2.215075090679745 2.215080965084126 2.215082420625308 2.215083197760171 2.215083390318181 2.215083493127045 2.215083518600999 2.215083532201814 2.215083535571821 2.215083537371103
 2.161904761904762 2.192505510653931 2.212518652320741 2.217279174725983 2.219887742718447 2.2205305476504 2.220874917737614 2.220960183941286 2.221005728815021 2.22101701284427 2.221023037860518 2.221024530719248 2.221025327778473 2.221025525273319 2.221025630718015 2.221025656845073 2.221025670794589 2.221025674250996 2.221025676096409
 2.163850110213079 2.194798572157063 2.215036965722693 2.219849225416287 2.222486132989976 2.223135881103186 2.223483970762415 2.223570157197374 2.223616193610035 2.223627599408157 2.223633689441869 2.223635198410187 2.223636004070556 2.223636203696584 2.223636310279142 2.22363633668814 2.223636350788185 2.223636354281891 2.223636356147218
 2.1643719190889 2.195415405182243 2.215714531803419 2.220540726973117 2.223185254009664 2.223836868216571 2.224185957335104 2.224272391024843 2.224318559503836 2.224329998018479 2.224336105520831 2.224337618817405 2.224338426788693 2.224338626987318 2.224338733875591 2.224338760360339 2.224338774500828 2.224338778004555 2.224338779875233
 2.164549994102151 2.195625483152198 2.215945213413657 2.22077613570187 2.223423249937077 2.224075497841458 2.224424926405436 2.224511444071572 2.224557657405687 2.224569107032225 2.224575220467669 2.224576735234304 2.224577543990478 2.224577744383581 2.224577851375688 2.224577877886164 2.22457789204039 2.224577895547521 2.224577897420015
 2.164603701514256 2.195688895339909 2.216014851535223 2.220847202047735 2.223495097590834 2.224147536850992 2.224497067909921 2.22458361093227 2.224629837810034 2.224641290791714 2.224647406018603 2.224648921229109 2.224649730222273 2.224649930674097 2.224650037697556 2.2246500642158 2.224650078374173 2.224650081882332 2.224650083755376
 2.164620921920918 2.195709217839448 2.216037167725021 2.220869975592982 2.223518121393004 2.224170621947215 2.224520185837827 2.224606736982443 2.224652968198614 2.224664422255041 2.224670538055781 2.224672053408471 2.224672862477549 2.224673062948183 2.224673169981685 2.224673196502418 2.22467321066212 2.224673214170607 2.224673216043826
 2.164626275335812 2.19571553701078 2.216044107023086 2.22087705714563 2.22352528077541 2.224177800391702 2.224527374492608 2.224613928163153 2.224660160728514 2.224671615119174 2.224677731098373 2.224679246495282 2.224680055587968 2.224680256064452 2.224680363101077 2.224680389622584 2.224680403782699 2.224680407291288 2.224680409164562
 2.164627965500745 2.195717531851332 2.21604629758899 2.220879292610414 2.223527540806598 2.224180066439747 2.22452964376351 2.224616198231359 2.22466243122259 2.22467388571875 2.22468000175428 2.224681517165146 2.224682326265284 2.224682526743615 2.224682633781226 2.224682660302977 2.224682674463222 2.224682677971845 2.224682679845135
 2.16462849498614 2.195718156819014 2.216046983881138 2.220879992970163 2.223528248863194 2.224180776381463 2.224530354714964 2.224616909432613 2.224663142557271 2.224674597086485 2.224680713139664 2.224682228554902 2.224683037657375 2.224683238136284 2.224683345174204 2.224683371696032 2.224683385856318 2.224683389364952 2.224683391238248
 2.164628661507407 2.195718353363467 2.216047199710481 2.220880213223396 2.22352847153692 2.224180999648019 2.224530578299062 2.224617133095268 2.224663366261887 2.224674820801495 2.224680936860224 2.224682452276838 2.224683261380045 2.224683461859135 2.224683568897153 2.224683595419005 2.224683609579304 2.22468361308794 2.224683614961238
 2.164628713775493 2.195718415056183 2.216047267456604 2.220880282358149 2.223528541431443 2.224181069728627 2.224530648479343 2.224617203300207 2.224663436479997 2.224674891022868 2.22468100708334 2.224682522500385 2.224683331603822 2.22468353208297 2.224683639121017 2.224683665642876 2.224683679803179 2.224683683311817 2.224683685185116
 2.164628730197614 2.195718434439291 2.216047288741598 2.220880304079429 2.223528563391432 2.224181091747081 2.224530670529113 2.224617225357725 2.224663458541653 2.224674913085549 2.224681029146568 2.224682544563749 2.224683353667258 2.224683554146424 2.224683661184482 2.224683687706342 2.224683701866647 2.224683705375285 2.224683707248583
 2.164628735354746 2.1957184405263 2.216047295425873 2.220880310900715 2.223528570287681 2.224181098661691 2.224530677453557 2.224617232284602 2.224663465469829 2.224674920014047 2.224681036075237 2.224682551492461 2.224683360595994 2.224683561075165 2.224683668113226 2.224683694635087 2.224683708795392 2.22468371230403 2.224683714177328
 2.16462873697467 2.195718442438306 2.216047297525487 2.220880313043366 2.22352857245388 2.224181100833656 2.224530679628612 2.224617234460421 2.224663467646056 2.224674922190375 2.22468103825162 2.224682553668857 2.224683362772396 2.22468356325157 2.224683670289631 2.224683696811493 2.224683710971799 2.224683714480435 2.224683716353734
 2.164628737483446 2.195718443038819 2.216047298184923 2.220880313716318 2.223528573134228 2.224181101515815 2.224530680311741 2.224617235143791 2.224663468329554 2.224674922873906 2.224681038935167 2.224682554352408 2.22468336345595 2.224683563935123 2.224683670973185 2.224683697495047 2.224683711655352 2.224683715163989 2.224683717037288
 2.16462873764325 2.195718443227436 2.216047298392048 2.220880313927688 2.223528573347921 2.224181101730077 2.224530680526308 2.224617235358431 2.224663468544236 2.224674923088596 2.224681039149863 2.224682554567106 2.224683363670648 2.224683564149823 2.224683671187884 2.224683697709746 2.224683711870051 2.224683715378689 2.224683717251987
 2.164628737693441 2.195718443286678 2.216047298457102 2.220880313994076 2.223528573415038 2.224181101797373 2.224530680593699 2.224617235425848 2.224663468611664 2.224674923156028 2.224681039217296 2.22468255463454 2.224683363738083 2.224683564217257 2.224683671255318 2.224683697777181 2.224683711937486 2.224683715446123 2.224683717319421
 2.164628737709206 2.195718443305285 2.216047298477535 2.220880314014928 2.223528573436119 2.224181101818511 2.224530680614867 2.224617235447022 2.224663468632843 2.224674923177207 2.224681039238477 2.22468255465572 2.224683363759264 2.224683564238437 2.224683671276499 2.224683697798361 2.224683711958666 2.224683715467303 2.224683717340602


# name: <cell-element>
# type: matrix
# rows: 19
# columns: 19
 2.16031746031746 2.194866599121918 2.216333191428977 2.223080756806645 2.226215353209332 2.227335421106096 2.227810135991497 2.227989275688827 2.228062361251431 2.228090636596099 2.228101976484137 2.228106414428452 2.228108180348339 2.228108875139254 2.228109150606847 2.228109259254709 2.228109302258975 2.228109319239668 2.228109325955665
 2.165457184325109 2.201261732574242 2.223424005165873 2.230387835866129 2.233619391114706 2.234774186519431 2.235263456186541 2.235448108147025 2.23552343336511 2.235552577035913 2.235564264569145 2.235568838711289 2.235570658784734 2.235571374892761 2.235571658809123 2.235571770790064 2.235571815113397 2.235571832614993 2.235571839536996
 2.168641329435298 2.205176007033768 2.227753043763273 2.234844148234767 2.23813328958714 2.239308605175768 2.239806508082632 2.239994421867733 2.240071074630794 2.240100732422489 2.240112625949683 2.240117280752668 2.240119132909039 2.240119861643214 2.240120150564609 2.240120264519842 2.240120309624558 2.24012032743471 2.240120334478743
 2.16939833298312 2.206106559198732 2.22878162012132 2.235902689931483 2.239205384984627 2.240385523654759 2.240885456345151 2.241074136656881 2.241151101460507 2.241180880073407 2.241192822015813 2.241197495775093 2.24119935547176 2.241200087173284 2.241200377270973 2.241200491690199 2.241200536978557 2.241200554861225 2.241200561933939
 2.169810202539523 2.206612104344175 2.229340246145352 2.236477515663654 2.239787546608939 2.240970294067073 2.241471325191666 2.241660420190612 2.241737553842886 2.24176739782427 2.241779365963551 2.241784049979176 2.24178591375572 2.241786647062757 2.241786937796906 2.241787052467182 2.241787097854902 2.241787115776807 2.241787122865038
 2.169911698291261 2.206736678182813 2.229477888041098 2.236619143416505 2.239930979322068 2.241114368518809 2.241615669865336 2.241804866871848 2.241882042060301 2.241911902121573 2.24192387670511 2.24192856324369 2.241930428023851 2.241931161725831 2.241931452616543 2.241931567348576 2.241931612760738 2.241931630692295 2.241931637784344
 2.169966021726852 2.206803340840523 2.229551540779421 2.236694927722331 2.24000772903672 2.241191461447525 2.241692907323035 2.241882158886441 2.241959356290386 2.241989224951777 2.242001202981984 2.242005890869942 2.24200775618688 2.24200849010009 2.242008781074538 2.242008895839601 2.242008941264837 2.242008959201555 2.242008966295646
 2.169979472303821 2.20681984649338 2.229569776958496 2.236713691567905 2.240026731868303 2.241210549238835 2.241712030891593 2.241901295960067 2.241978498863288 2.242008369653563 2.242020348536966 2.242025036758949 2.242026902208762 2.24202763617426 2.242027927169436 2.242028041942675 2.242028087371147 2.242028105309143 2.242028112403739
 2.16998665603217 2.206828661663762 2.22957951629887 2.236723712695202 2.24003688062258 2.241220743364105 2.241722244123125 2.241911516403726 2.241988722243742 2.242018594170908 2.242030573509946 2.242035261910309 2.242037127431083 2.242037861424505 2.242038152430751 2.242038267208355 2.242038312638555 2.242038330577234 2.2420383376721
 2.169988435847098 2.206830845676357 2.229581929276442 2.236726195485288 2.240039395032172 2.241223269014288 2.241724774506859 2.241914048574252 2.241991255141854 2.242021127350684 2.242033106802604 2.242037795247161 2.242039660785514 2.242040394785854 2.242040685794842 2.242040800573529 2.242040846004157 2.242040863943005 2.242040871037937
 2.169989386149459 2.206832011789408 2.229583217640196 2.236727521123724 2.240040737553113 2.241224617536874 2.241726125556815 2.241915400578222 2.241992607534302 2.24202247989352 2.24203445940571 2.242039147873863 2.242041013421602 2.242041747425636 2.242042038436088 2.242042153215352 2.242042198646208 2.242042216585147 2.242042223680116
 2.169989621612268 2.206832300725035 2.229583536866631 2.236727849585923 2.240041070198388 2.24122495166921 2.241726460315371 2.241915735573161 2.241992942625497 2.242022815021976 2.242034794549101 2.242039483023101 2.242041348573166 2.242042082578115 2.242042373588931 2.242042488368338 2.242042533799251 2.242042551738211 2.242042558833189
 2.169989747329054 2.206832454991617 2.229583707305863 2.236728024956244 2.240041247802107 2.24122513006689 2.241726639047399 2.241915914431396 2.241993121535123 2.242022993951497 2.242034973486596 2.242039661963718 2.242041527515025 2.242042261520462 2.242042552531471 2.242042667310955 2.242042712741898 2.242042730680871 2.242042737775853
 2.169989778479083 2.206832493215696 2.22958374953719 2.236728068409392 2.240041291808645 2.241225174270155 2.241726683333507 2.241915958748776 2.241993165865237 2.242023038286541 2.242035017823614 2.242039706301509 2.242041571853122 2.24204230585868 2.242042596869739 2.242042711649242 2.242042757080192 2.242042775019168 2.242042782114151
 2.169989795110425 2.206832513623949 2.229583772084956 2.236728091609503 2.240041315304216 2.241225197870761 2.241726706978345 2.24191598241031 2.241993189533569 2.242023061957505 2.242035041495633 2.242039729973941 2.24204159552572 2.242042329531342 2.242042620542426 2.242042735321939 2.242042780752894 2.242042798691871 2.242042805786855
 2.169989799231334 2.206832518680701 2.229583777671836 2.236728097358021 2.240041321125943 2.241225203718513 2.241726712837057 2.241915988273159 2.241993195398104 2.242023067822692 2.242035047361082 2.242039735839493 2.242041601391311 2.242042335396949 2.242042626408039 2.242042741187555 2.242042786618511 2.242042804557488 2.242042811652472
 2.169989801431532 2.206832521380555 2.229583780654731 2.236728100427215 2.240041324234225 2.241225206840691 2.241726715965086 2.241915991403396 2.241993198529241 2.242023070954177 2.242035050492706 2.242039738971172 2.242041604523012 2.24204233852866 2.242042629539753 2.24204274431927 2.242042789750227 2.242042807689204 2.242042814784188
 2.169989801976696 2.206832522049524 2.229583781393832 2.236728101187699 2.240041325004394 2.241225207614302 2.241726716740148 2.241915992179005 2.241993199305073 2.242023071730095 2.24203505126866 2.242039739747138 2.242041605298984 2.242042339304634 2.242042630315728 2.242042745095245 2.242042790526201 2.242042808465179 2.242042815560163
 2.169989802267765 2.206832522406693 2.229583781788446 2.23672810159373 2.240041325415596 2.241225208027342 2.241726717153961 2.241915992593111 2.241993199719297 2.242023072144365 2.242035051682948 2.242039740161434 2.242041605713283 2.242042339718933 2.242042630730027 2.242042745509544 2.242042790940502 2.242042808879479 2.242042815974464


# name: <cell-element>
# type: matrix
# rows: 19
# columns: 19
 2.161278471711976 2.196799507616556 2.219982820466502 2.227313442653761 2.231114751897722 2.232421368785386 2.233069323426106 2.233296737734979 2.233408374309239 2.233447771695007 2.23346706405529 2.233473882454686 2.233477219270978 2.233478399043669 2.233478976315066 2.233479180437495 2.23347928031207 2.233479315628548 2.233479332908283
 2.167410370826281 2.204597112398758 2.228751993565543 2.236380635975468 2.240331464574211 2.241688803972382 2.242361732508267 2.24259788639088 2.242713807313284 2.242754715845159 2.24277474800829 2.242781827846987 2.242785292601771 2.242786517607954 2.242787117012251 2.242787328960822 2.242787432664627 2.242787469335151 2.242787487277398
 2.170927105675961 2.2089643078364 2.233628222190535 2.241410956992862 2.24543978604165 2.246823553300539 2.247509522667388 2.247750238982022 2.247868397627054 2.247910095361261 2.247930513932364 2.247937730319767 2.247941261898012 2.247942510529844 2.247943121494317 2.24794333753053 2.247943443234368 2.247943480612118 2.247943498900399
 2.172049081914454 2.210366547328558 2.235194984202792 2.243027281726077 2.247081049719694 2.248473244462859 2.24916336702064 2.249405535431057 2.249524406112078 2.249566354935322 2.24958689643922 2.249594156267484 2.249597709104438 2.249598965252318 2.249599579894438 2.249599797231055 2.249599903571163 2.249599941173905 2.249599959572269
 2.172559394545832 2.210999816430458 2.235901156178936 2.243755360526426 2.247820191265381 2.249216125279575 2.249908092196982 2.250150905504943 2.250270092469782 2.250312152826435 2.250332748939003 2.250340028064327 2.250343590344788 2.250344849831428 2.250345466107226 2.250345684021505 2.250345790644257 2.250345828346942 2.250345846794207
 2.172743378338537 2.211228878931848 2.236156748380786 2.24401891881768 2.248087762300299 2.249485051573102 2.250177686581158 2.250420733447446 2.250540034946103 2.250582135690116 2.250602751576622 2.250610037689417 2.250613603389359 2.250614864084959 2.250615480952308 2.250615699075758 2.250615805800853 2.250615843539729 2.250615862004702
 2.172820750549041 2.211324942867394 2.236263863065032 2.244129350017414 2.248199866851124 2.249597721431745 2.250290635221992 2.250533779554892 2.250653128853626 2.250695246453276 2.250715870592551 2.250723159621611 2.250726726748702 2.250727987948872 2.250728605063111 2.250728823273858 2.250728930041669 2.250728967795649 2.250728986268012
 2.17285007955419 2.211361416526734 2.236304547083729 2.244171297563058 2.248242451194769 2.249640520842956 2.250333540666626 2.250576722067782 2.250696089544783 2.250738213554513 2.250758840832228 2.25076613097031 2.250769698640127 2.250770960032178 2.250771577240305 2.250771795484252 2.250771902268305 2.250771940028029 2.250771958503203
 2.172862005432013 2.211376229841616 2.236321065587242 2.244188327728634 2.248259739424534 2.249657896242738 2.250350959050859 2.250594155479553 2.250713530326321 2.250755656934817 2.250776285484923 2.250783576072628 2.250787143962477 2.250788405432322 2.250789022678513 2.250789240935919 2.250789347726559 2.250789385488611 2.250789403964924
 2.172866629216098 2.211381977562546 2.236327476081664 2.244194937100137 2.248266449050972 2.249664639729647 2.250357719232733 2.250600921497875 2.250720299206871 2.250762426824657 2.250783055868922 2.250790346631246 2.25079391460655 2.250795176106605 2.250795793367582 2.250796011630213 2.250796118423412 2.250796156186369 2.250796174663124
 2.172868480813825 2.211384277995931 2.236330041449468 2.244197581963094 2.248269134001801 2.249667338220916 2.250360424400681 2.250603628999992 2.250723007853695 2.250765135875134 2.250785765117032 2.250793055949193 2.250796623958674 2.250797885470813 2.2507985027377 2.250798721002425 2.250798827796645 2.250798865559965 2.250798884036896
 2.172869206175446 2.211385179514376 2.236331046878094 2.244198618571112 2.248270186329258 2.249668395857628 2.250361484655198 2.250604690169681 2.250724069472192 2.250766197651891 2.250786826971277 2.250794117830819 2.250797685853699 2.250798947370576 2.250799564639781 2.250799782905325 2.250799889699946 2.250799927463407 2.250799945940408
 2.172869494608551 2.211385537905586 2.236331446554529 2.244199030635441 2.248270604640087 2.249668816278293 2.250361906116187 2.250605111994366 2.250724491475239 2.250766619717831 2.25078724906801 2.250794539938433 2.250798107966639 2.250799369485398 2.250799986755525 2.250800205021394 2.250800311816175 2.250800349579693 2.250800368056721
 2.172869608143588 2.211385679001673 2.236331603910503 2.244199192870341 2.248270769334878 2.249668981803924 2.250362072051482 2.250605278072875 2.250724657623984 2.250766785891343 2.250787415253647 2.250794706128355 2.250798274158658 2.250799535678159 2.250800152948648 2.250800371214645 2.250800478009487 2.250800515773027 2.250800534250067
 2.172869653143196 2.211385734918706 2.236331666269727 2.24419925716259 2.248270834601806 2.249669047400058 2.250362137809941 2.250605343888085 2.250724723467023 2.250766851744196 2.250787481111305 2.25079477198771 2.250798340018845 2.25079960153864 2.250800218809272 2.250800437075321 2.250800543870189 2.250800581633736 2.250800600110781
 2.172869670895418 2.211385756979531 2.236331690872623 2.244199282528256 2.24827086035206 2.249669073280209 2.25036216375414 2.250605369854676 2.250724749444595 2.25076687772564 2.250787507094645 2.250794797971721 2.250798366003183 2.250799627523094 2.250800244793784 2.250800463059853 2.25080056985473 2.250800607618282 2.250800626095327
 2.172869677920954 2.21138576570976 2.236331700608719 2.244199292566168 2.248270870542153 2.249669083521704 2.250362174020979 2.250605380130375 2.250724759724639 2.250766888007216 2.250787517376971 2.250794808254312 2.250798376285904 2.25079963780586 2.250800255076572 2.250800473342649 2.25080058013753 2.250800617901084 2.250800636378131
 2.172869680695339 2.211385769157451 2.236331704453671 2.244199296530323 2.248270874566409 2.24966908756626 2.250362178075545 2.25060538418844 2.25072476378442 2.250766892067602 2.250787521437654 2.2507948123151 2.250798380346741 2.250799641866716 2.250800259137436 2.250800477403516 2.2508005841984 2.250800621961953 2.250800640439
 2.172869681792554 2.211385770520914 2.236331705974231 2.24419929809802 2.248270876157874 2.249669089165752 2.250362179678996 2.250605385793274 2.250724765389933 2.250766893673354 2.250787523043523 2.25079481392101 2.250798381952673 2.250799643472655 2.25080026074338 2.25080047900946 2.250800585804344 2.250800623567897 2.250800642044945


# name: <cell-element>
# type: matrix
# rows: 19
# columns: 19
 2.161567227604964 2.197824741932333 2.221486363417393 2.229391945427016 2.233402011835411 2.23491826456657 2.23563175470013 2.235916804636587 2.236046178395294 2.236099433862634 2.236123102901408 2.236133017071673 2.236137367460353 2.23613920871702 2.236140010367939 2.236140351790375 2.236140499728247 2.236140562974564 2.236140590298822
 2.167892414372767 2.205979305088039 2.23068801133036 2.238940966967442 2.243117181849883 2.244696338575565 2.245438744072717 2.245735428747731 2.245870026771739 2.245925445817038 2.245950070924257 2.245960387186481 2.24596491342414 2.245966829296429 2.24596766336823 2.245968018620272 2.245968172543162 2.245968238350632 2.245968266780556
 2.171735220707533 2.21082703683629 2.236122351058851 2.244565676462091 2.24883396779247 2.250447677717026 2.251206067235489 2.251509151387165 2.25164663368868 2.25170324365628 2.251728396217707 2.251738933908944 2.251743557119577 2.251745514093929 2.251746366039927 2.251746728911383 2.251746886133422 2.251746953352117 2.251746982391469
 2.172959733787372 2.21237590055934 2.237857584973705 2.246360854268279 2.250658018646389 2.252282516155359 2.253045894362243 2.253350972456299 2.253489353811114 2.2535463347208 2.253571651634715 2.25358225829507 2.253586911718169 2.253588881495186 2.253589739009659 2.253590104254525 2.253590262504338 2.25359033016263 2.253590359391833
 2.173586300319087 2.213164896793248 2.238740354027326 2.247273642499114 2.251585305715806 2.253215209737442 2.253981091943184 2.254287169734832 2.254426002241114 2.254483169164342 2.254508568538395 2.254519209787995 2.25452387836806 2.254525854566281 2.25452671487418 2.254527081309482 2.254527240074861 2.254527307953649 2.254527337278085
 2.173802301191986 2.213437056399093 2.239044820314092 2.247588427997449 2.251905070897127 2.253536829653912 2.254303570881681 2.254609991466318 2.254748978695165 2.254806209397479 2.254831637048555 2.254842290157961 2.254846963935424 2.254848942335348 2.254849803601111 2.254850170444596 2.25485032938676 2.254850397341154 2.254850426698243
 2.173909115339674 2.213571510721593 2.239195194382182 2.247743882511247 2.252062978628225 2.25369565078089 2.254462815187724 2.254769404604766 2.254908468051534 2.254965730167752 2.254991171747969 2.255001830698973 2.255006507036605 2.255008486521001 2.255009348258589 2.25500971530313 2.255009874332376 2.25500994232401 2.255009971697184
 2.173946639085242 2.213618753946232 2.239248030831682 2.24779850311662 2.252118460556158 2.253751453322586 2.254518766268787 2.2548254149416 2.254964505139596 2.255021778281082 2.255047224750097 2.255057885751314 2.255062562987496 2.25506454285251 2.255065404755696 2.255065771870802 2.255065930930609 2.255065998935314 2.255066028314133
 2.173965047521017 2.213641925543993 2.239273944313138 2.247825291079954 2.252145670749948 2.253778820675587 2.25454620643829 2.254852884158115 2.254991987469972 2.255049266016071 2.255074714881637 2.255085376887882 2.255090054564544 2.255092034616137 2.255092896600499 2.255093263750197 2.255093422824986 2.255093490836098 2.255093520217686
 2.173971545775158 2.213650105749279 2.239283092509227 2.247834747975624 2.25215527668681 2.253788482084617 2.254555893548979 2.254862581521185 2.255001689461703 2.255058969915396 2.255084419626844 2.255095081987817 2.255099759819949 2.255101739937398 2.255102601950414 2.25510296911232 2.255103128192398 2.25510319620577 2.255103225588336
 2.173974727397001 2.213654110674235 2.2392875712969 2.24783937787764 2.252159979549988 2.253793212103223 2.254560636149576 2.2548673291407 2.255006439347133 2.255063720734663 2.255089170860205 2.255099833394832 2.255104511303074 2.255106491452762 2.255107353479803 2.255107720647686 2.255107879730352 2.255107947744833 2.255107977127875
 2.173975851947777 2.213655526251126 2.239289154368065 2.24784101436171 2.252161641822453 2.253794883973784 2.254562312467226 2.254869007232275 2.255008118239589 2.255065399957183 2.255090850229085 2.255101512825089 2.255106190760232 2.255108170921314 2.255109032953313 2.255109400123309 2.25510955920689 2.255109627221762 2.255109656604973
 2.173976402264555 2.213656218977955 2.239289929057873 2.247841815188902 2.2521624552692 2.253795702117353 2.254563132786985 2.254869828420106 2.255008939819332 2.255066221698444 2.255091672041968 2.255102334668007 2.255107012616313 2.255108992782971 2.255109854817397 2.255110221988426 2.255110381072456 2.25511044908752 2.255110478470814
 2.173976596839959 2.213656463906639 2.239290202966559 2.247842098339066 2.252162742881278 2.253795991390091 2.25456342282916 2.254870118769204 2.255009230307 2.255066512243219 2.255091962612065 2.255102625248724 2.255107303201684 2.255109283370314 2.255110145405597 2.255110512576992 2.25511067166118 2.25511073967631 2.255110769059633
 2.173976692046241 2.213656583750572 2.239290336990367 2.247842236884711 2.252162883610137 2.253796132931507 2.254563564747062 2.254870260837284 2.255009372442882 2.255066654407042 2.255092104788279 2.255102767430134 2.255107445385372 2.255109425554966 2.25511028759067 2.255110654762242 2.255110813846507 2.255110881861671 2.255110911245009
 2.173976725711251 2.21365662612754 2.239290384381368 2.247842285874643 2.252162933372055 2.253796182980749 2.254563614929427 2.254870311072752 2.255009422702324 2.255066704676366 2.255092155061985 2.255102817705678 2.25510749566172 2.255109475831655 2.255110337867507 2.255110705039145 2.255110864123437 2.255110932138613 2.255110961521956
 2.173976742183084 2.213656646862003 2.239290407569125 2.247842309844734 2.252162957719866 2.253796207469142 2.254563639482956 2.254870335652265 2.255009447293568 2.255066729272444 2.255092179660206 2.255102842304797 2.255107520261234 2.255109500431338 2.255110362467261 2.255110729638929 2.255110888723234 2.255110956738416 2.25511098612176
 2.17397674800767 2.213656654193895 2.239290415768522 2.247842318320771 2.252162966329471 2.253796216128459 2.254563648165306 2.254870344343802 2.255009455989252 2.255066737969837 2.255092188358358 2.255102851003268 2.255107528959844 2.255109509130005 2.255110371165954 2.255110738337633 2.255110897421944 2.255110965437128 2.255110994820475
 2.173976750857536 2.213656657781258 2.239290419780342 2.247842322467946 2.252162970541997 2.253796220365306 2.254563652413425 2.254870348596415 2.255009460243894 2.255066742225317 2.255092192614208 2.255102855259272 2.255107533215917 2.255109513386107 2.255110375422069 2.255110742593753 2.255110901678066 2.255110969693251 2.255110999076598


# name: <cell-element>
# type: matrix
# rows: 19
# columns: 19
 2.161660047969174 2.198079800868238 2.222067026490453 2.230130312182254 2.234330594049761 2.235912546093838 2.236693647386891 2.236999810802631 2.237148532529544 2.237207740789551 2.237236337235659 2.237247792766558 2.23725331370425 2.23725553082417 2.237256598472264 2.237257027643011 2.237257234242519 2.237257317323113 2.23725735731243
 2.168150771191086 2.206511723325592 2.231632191043379 2.240071831677302 2.244458225984749 2.246109476371951 2.246924259180521 2.247243596957146 2.247398691433266 2.247460437156181 2.24749025776977 2.2475022038447 2.247507961121127 2.247510273167706 2.247511386522787 2.247511834068223 2.24751204951285 2.247512136150488 2.247512177851899
 2.172081284844955 2.211489601023137 2.237230214685798 2.245870913332695 2.250357604693933 2.252045982469404 2.252878873535078 2.253205279136641 2.253363796609088 2.253426904046342 2.253457381876498 2.253469591208476 2.253475475338349 2.253477838328283 2.253478976213861 2.253479433620192 2.253479653811713 2.253479742358255 2.253479784978475
 2.173413120148482 2.213187938540836 2.239141110092089 2.247850105197974 2.252370553954165 2.2540713518291 2.254910284910701 2.255239043937847 2.255398700584246 2.255462260930169 2.255492957335014 2.255505254204658 2.255511180515571 2.255513560444137 2.255514706486146 2.255515167171176 2.255515388941023 2.255515478122264 2.255515521047983
 2.174076381857029 2.214026821311325 2.240082413705383 2.248824110409133 2.253360790410929 2.255067555740702 2.255909396378373 2.256239287632999 2.256399492596844 2.256463270906258 2.256494072516052 2.256506411516116 2.256512358129011 2.256514746209941 2.256515896177603 2.256516358440633 2.256516580970113 2.256516670456826 2.256516713529582
 2.174329390604878 2.214348047048198 2.240443116505241 2.249197393960046 2.253740291892384 2.255449338274471 2.256292288864236 2.256622612018115 2.256783026079653 2.256846887491084 2.256877729209575 2.256890084270713 2.256896038623113 2.256898429811834 2.256899581276008 2.256900044140591 2.256900266959653 2.256900356562816 2.256900399691622
 2.174447571589308 2.214497542357304 2.240610796262279 2.249370858792077 2.253916623178475 2.255626721482678 2.256470184392509 2.256800706922995 2.256961217533747 2.257025117317111 2.257055977556806 2.257068340034465 2.257074297960802 2.257076690584623 2.257077842739851 2.257078305882215 2.257078528835 2.257078618491938 2.257078661646626
 2.174495037188766 2.21455773222471 2.240678347856289 2.24944075212854 2.253987674164844 2.255698196921859 2.25654186639888 2.256872469292867 2.257033018812838 2.257096934058862 2.257127801761699 2.257140167227806 2.25714612659423 2.257148519796309 2.257149672229991 2.257150135484285 2.257150358490951 2.257150448169555 2.257150491334674
 2.174516494783709 2.214584887609968 2.240708807139744 2.249472261757549 2.254019703855545 2.255730417368808 2.256574179731079 2.256904818766557 2.257065385787505 2.257129307988663 2.257160179048558 2.257172545858924 2.257178505873133 2.257180899335324 2.257182051894261 2.257182515198903 2.257182738229806 2.257182827918157 2.257182871087967
 2.174525355632405 2.214596118457631 2.240721409444984 2.24948530013327 2.254032957856915 2.255743750425601 2.256587551265325 2.256918205269969 2.25707877953869 2.257142704620112 2.257173577070194 2.257185944437227 2.257191904719686 2.25719429828959 2.257195450900396 2.257195914225888 2.257196137266826 2.257196226959213 2.257196270130964
 2.174529284491586 2.214601092269109 2.240726988800474 2.249491071978432 2.254038824976385 2.25574965248558 2.256593470337046 2.25692413096056 2.257084708434283 2.2571486347894 2.257179507854257 2.257191875467464 2.257197835868549 2.257200229486088 2.257201382119832 2.257201845454544 2.257202068499921 2.257202158194092 2.257202201366704
 2.174530933298338 2.214603181553215 2.24072933303474 2.249493497267546 2.254041290352347 2.255752132559162 2.256595957564648 2.256926620971377 2.257087199792702 2.257151126683358 2.257182000006699 2.257194367723409 2.257200328174371 2.257202721811938 2.257203874455325 2.257204337793913 2.257204560841159 2.25720465053608 2.257204693709053
 2.174531655762377 2.21460409636551 2.240730359277016 2.249494558931208 2.254042369544715 2.255753218179493 2.25659704631441 2.256927710938696 2.257088290349583 2.257152217474531 2.25718309091096 2.257195458672951 2.257201419145735 2.257203812792065 2.257204965439672 2.257205428779955 2.257205651828016 2.257205741523266 2.257205784696398
 2.17453196188995 2.214604484216169 2.240730794437228 2.249495009131635 2.254042827184409 2.25575367854684 2.25659750800949 2.256928173150326 2.257088752811323 2.257152680035667 2.257183553520068 2.257195921301272 2.257201881783312 2.257204275433359 2.257205428082755 2.257205891423759 2.257206114472166 2.257206204167556 2.257206247340754
 2.174532095055162 2.214604652856921 2.240730983625922 2.249495204852216 2.254043026137013 2.255753878684618 2.256597708724244 2.256928374089562 2.257088953859254 2.257152881126794 2.257183754632044 2.257196122421595 2.25720208290766 2.257204476559323 2.257205629209497 2.257206092550813 2.25720631559937 2.25720640529482 2.257206448468047
 2.174532151809707 2.214604724755814 2.240731064292857 2.249495288306548 2.254043110970168 2.255753964023341 2.256597794309066 2.256928459770128 2.25708903958618 2.257152966872144 2.257183840386287 2.2571962081794 2.257202168667177 2.25720456231953 2.257205714970035 2.257206178311485 2.257206401360106 2.257206491055585 2.257206534228824
 2.174532176388127 2.214604755884395 2.240731099215008 2.249495324434633 2.254043147694919 2.255754000966884 2.256597831359121 2.256928496861622 2.257089076697739 2.257153003991677 2.257183877509669 2.257196245304321 2.257202205792844 2.257204599445493 2.257205752096143 2.257206215437651 2.257206438486301 2.257206528181788 2.257206571355033
 2.174532186900338 2.214604769200907 2.240731114155229 2.249495339891031 2.254043163406665 2.255754016772257 2.256597847210071 2.256928512730302 2.257089092575006 2.257153019872354 2.257183893391994 2.257196261187306 2.257202221676146 2.257204615328923 2.257205767979634 2.257206231321165 2.257206454369826 2.257206544065319 2.257206587238566
 2.174532191440425 2.2146047749512 2.240731120606378 2.249495346564976 2.254043170190838 2.255754023596851 2.256597854054342 2.256928519582229 2.257089099430639 2.257153026729462 2.257183900249812 2.257196268045409 2.257202228534387 2.257204622187218 2.257205774837956 2.257206238179498 2.257206461228165 2.25720655092366 2.257206594096909


# name: <cell-element>
# type: matrix
# rows: 19
# columns: 19
 2.161688872720658 2.198215862188357 2.22230084350968 2.230491835070671 2.234750089964757 2.23639443298329 2.237197744828077 2.237525736738166 2.237681580356959 2.237747208307868 2.23777785861964 2.237791015553893 2.237797086332248 2.237799725272696 2.237800932279491 2.237801461457653 2.23780170195898 2.237801808023512 2.237801856006792
 2.168214755148124 2.206726618453631 2.23196830557642 2.240552608256569 2.245002942499365 2.246721361146895 2.247559927234688 2.247902415163554 2.248065061185771 2.248133575681235 2.248165564161681 2.24817929898014 2.248185635073952 2.248188389849457 2.248189649650981 2.248190202047163 2.248190453074162 2.248190563790813 2.248190613874929
 2.172211140774162 2.211814084427492 2.237699416189086 2.246496739388563 2.251052001568381 2.252810460326414 2.253668186809175 2.254018505610389 2.254184839924509 2.254254913389052 2.254287626493329 2.254301673413154 2.254308153071044 2.254310970412163 2.254312258768946 2.254312823707318 2.254313080425863 2.254313193655836 2.254313244875746
 2.173572210308468 2.213556812767334 2.239662546533857 2.248531982756613 2.253122456400923 2.254894252213282 2.255758347839586 2.256111261695944 2.256278818321927 2.256349407720669 2.25638236074328 2.256396510920149 2.25640303809557 2.256405876135172 2.256407173941962 2.256407743029695 2.256408001631645 2.256408115693124 2.256408167288864
 2.174270547601635 2.21444525457942 2.240661180252991 2.249566403395281 2.254174405567166 2.255952820470679 2.256820083245535 2.257174285111586 2.25734244919577 2.25741329467612 2.257446366889584 2.257460568319644 2.257467119096558 2.257469967410678 2.257471269910568 2.257471841058104 2.257472100595318 2.257472215069587 2.257472266851948
 2.174535304554853 2.21478280045895 2.241040638252951 2.24995942443788 2.254574050646842 2.256354960238215 2.25722341598755 2.25757810242876 2.257746495080219 2.257817436860173 2.257850553906267 2.257864774608342 2.257871334261659 2.257874186439139 2.257875490703982 2.257876062626041 2.257876322514973 2.257876437144461 2.257876488997002
 2.174665496072835 2.214948471908916 2.241226770434989 2.250152166206145 2.254770024128223 2.256552150035705 2.25742118779666 2.257776110541373 2.257944614695258 2.258015603438228 2.258048742353563 2.258062972454352 2.258069536437338 2.258072390498961 2.258073695624672 2.258074267924467 2.25807452798495 2.25807464269014 2.258074694576909
 2.174716676767996 2.215013665453523 2.241300026144306 2.250228024006994 2.254847152795084 2.256629756635513 2.25749902302692 2.257854038566181 2.258022586506236 2.258093593688369 2.258126741190715 2.258140974981621 2.258147540664604 2.258150395465974 2.258151700929691 2.258152273377792 2.25815253350563 2.25815264824054 2.258152700140748
 2.174741505466006 2.215045273154832 2.241335536570736 2.250264793578357 2.254884537591827 2.256667372778412 2.257536749861359 2.257891810323427 2.258060379462951 2.258131395571945 2.258164547231738 2.258178782809138 2.258185349315174 2.258188204474682 2.258189510102042 2.258190082621943 2.25819034278239 2.25819045753169 2.258190509438405
 2.174751402371618 2.215057877877517 2.241349698842524 2.250279458265362 2.254899447653144 2.256682375086956 2.257551796301568 2.257906874672221 2.258075452262803 2.258146471930312 2.258179625247397 2.258193861536942 2.258200428371071 2.25820328367334 2.258204589365933 2.258205161914457 2.258205422087903 2.258205536842939 2.258205588752249
 2.174756180137529 2.215063961614508 2.241356533975844 2.250286535756843 2.254906643528394 2.25668961546812 2.257559057976029 2.257914144987388 2.258082726655632 2.258153748040109 2.258186902156847 2.258201138789995 2.25820770578243 2.258210561153583 2.258211866877652 2.258212439439985 2.258212699619703 2.258212814377506 2.258212866288067
 2.174758095042461 2.215066400410746 2.241359274093714 2.250289373059745 2.254909528294496 2.256692518076461 2.257561969120292 2.257917059595384 2.258085642898188 2.258156664970922 2.2581898194082 2.258204056179085 2.258210623234979 2.258213478633742 2.258214784370429 2.258215356938297 2.258215617120528 2.25821573187944 2.258215783790501
 2.174759017758727 2.215067575483032 2.241360594326427 2.250290740110291 2.254910918211296 2.256693916589165 2.257563371745466 2.257918463889331 2.258087047979648 2.258158070383974 2.258191224975687 2.25820546181293 2.258212028899396 2.258214884311462 2.258216190054226 2.258216762624762 2.258217022808207 2.258217137567652 2.258217189478956
 2.174759388381754 2.215068047505543 2.241361124668354 2.250291289261475 2.254911476548449 2.256694478379422 2.257563935187728 2.257919028001941 2.258087612408602 2.258158634946129 2.258191789599876 2.258206026463778 2.258212593562525 2.258215448979936 2.258216754725141 2.258217327296748 2.258217587480679 2.25821770224034 2.258217754151742
 2.174759566842146 2.215068274784993 2.24136138002702 2.250291553676266 2.254911745386123 2.256694748879718 2.257564206483446 2.257919299620428 2.258087884179404 2.258158906781067 2.258192061464684 2.258206298341422 2.258212865446082 2.258215720866065 2.258217026612447 2.25821759918457 2.258217859368734 2.258217974128499 2.258218026039947
 2.174759638585019 2.215068366156487 2.241361482687706 2.25029165997794 2.254911853465957 2.256694857627976 2.257564315551487 2.257919408818228 2.258087993438441 2.258159016065886 2.258192170761511 2.258206407643407 2.258212974750446 2.258215830171463 2.258217135918317 2.258217708490647 2.258217968674906 2.258218083434713 2.258218135346181
 2.174759673120572 2.215068410140393 2.24136153210582 2.250291711148694 2.254911905492658 2.256694909976439 2.257564368053883 2.257919461383087 2.258088046032778 2.258159068672632 2.25819222337404 2.25820646025842 2.258213027366601 2.258215882788117 2.2582171885352 2.258217761107629 2.258218021291933 2.258218136051759 2.258218187963234
 2.174759687008919 2.215068427828581 2.241361551979438 2.250291731727157 2.254911926415346 2.256694931028524 2.257564389167873 2.257919482522197 2.258088067183742 2.25815908982859 2.25819224453232 2.258206481417701 2.258213048526342 2.258215903948059 2.258217209695233 2.258217782267701 2.258218042452023 2.258218157211858 2.258218209123338
 2.174759693693752 2.215068436342342 2.241361561545092 2.250291741632065 2.254911936485939 2.256694941161399 2.257564399330544 2.257919492696961 2.258088077364209 2.25815910001146 2.25819225471631 2.258206491602169 2.258213058711031 2.258215914132845 2.258217219880064 2.258217792452551 2.258218052636884 2.258218167396722 2.258218219308202


# name: <cell-element>
# type: matrix
# rows: 19
# columns: 19
 2.16169797865694 2.198249593311964 2.222392179705462 2.230619782809196 2.234923878158468 2.236587253015931 2.237411089370914 2.237746270020445 2.237909250485749 2.23797721432558 2.238010009488954 2.238023855578404 2.238030513165914 2.238033341688164 2.238034699366974 2.238035278025762 2.238035555539814 2.238035674010629 2.238035730802374
 2.168248934058631 2.206810450249211 2.232132554592965 2.240762295488529 2.24526483495967 2.247004413389625 2.247865214589861 2.248215456049572 2.248385710808724 2.24845671631844 2.248490975855896 2.248505441405899 2.248512396585715 2.24851535168455 2.248516770096462 2.248517374656025 2.248517664589391 2.248517788363669 2.24851784769753
 2.172264353514243 2.211928956756363 2.237904707434389 2.246750983856568 2.251361136007001 2.253141638236437 2.254022363670419 2.25438068632069 2.254554850717087 2.254627487174015 2.254662532503508 2.254677330054393 2.254684444786478 2.254687467705919 2.254688918664765 2.254689537100121 2.254689833687459 2.254689960302742 2.254690020998448
 2.173650375161478 2.213709104459239 2.239913335463148 2.248834480168694 2.253481426956071 2.255275801905466 2.256163256865483 2.256524299340999 2.256699778500401 2.256772962704655 2.256808271914563 2.256823180898526 2.256830349184724 2.256833394863219 2.256834856744477 2.256835479835923 2.256835778656081 2.256835906224649 2.256835967377318
 2.174359335908378 2.214612620422888 2.240929946887658 2.249887826636313 2.254552887398445 2.256354075707656 2.257244841394913 2.257607220471979 2.257783346190183 2.257856799589328 2.257892238521632 2.257907202266306 2.257914396873393 2.257917453735457 2.257918920984179 2.257919546363483 2.257919846280815 2.25791997431779 2.257920035694996
 2.174635587368925 2.214966071864717 2.241327919212853 2.250300218474429 2.254972352337651 2.256776191764459 2.257668243215793 2.258031140587889 2.258207516902588 2.25828107457996 2.258316563758835 2.258331548710091 2.258338753510194 2.25834181470283 2.25834328403 2.258343910295198 2.258344210637376 2.258344338855721 2.258344400319872
 2.174769764419571 2.215137170564476 2.241520349072392 2.250499538331602 2.255175059430132 2.256980168343905 2.257872836132224 2.258235981943967 2.258412478423811 2.258486086099819 2.258521599373525 2.258536594493251 2.25854380418108 2.258546867450204 2.258548337773994 2.258548964463972 2.25854926500986 2.258549393315171 2.258549454821012
 2.174824848585567 2.215207601345272 2.241599613948577 2.250581655928741 2.255258575336065 2.257064207535738 2.257957129080922 2.258320377112182 2.258496923017163 2.258570551253691 2.258606074434963 2.258621073735588 2.258628285433039 2.258631349555908 2.258632820289459 2.258633447154081 2.258633747783724 2.25863387612479 2.258633937647771
 2.17485093859667 2.215240895910689 2.241637061520805 2.250620443216969 2.2552980203806 2.257103898827443 2.25799693987355 2.258360236051819 2.258536805242359 2.258610443165849 2.25864597101533 2.258660972285885 2.258668184930236 2.258671249455368 2.25867272038199 2.258673347328905 2.258673647998008 2.258673776355921 2.258673837886979
 2.174861963318294 2.215254991018461 2.241652922964478 2.250636874629863 2.255314731111675 2.257120714047571 2.258013805761843 2.258377122347265 2.258553701405161 2.258627343433118 2.258662873260458 2.25867787536562 2.258685088411141 2.258688153106701 2.258689624115117 2.258690251096895 2.25869055178272 2.25869068014777 2.258690741682246
 2.17486710118071 2.21526155123899 2.241660302313015 2.250644518159647 2.255322504261848 2.257128535706133 2.258021650955412 2.258384977021594 2.258561560664432 2.258635204599655 2.258670735346108 2.258685737839116 2.258692951071069 2.258696015845826 2.258697486892258 2.258698113890234 2.258698414583828 2.258698542952196 2.258698604488264
 2.174869311638961 2.215264377213533 2.241663482316787 2.250647812379694 2.25532585445318 2.257131906834001 2.258025032235817 2.258388362390936 2.258564948010892 2.258638592768516 2.25867412391127 2.258689126571507 2.258696339883841 2.258699404692748 2.258700875755569 2.258701502760532 2.258701803457477 2.258701931827274 2.258701993364029
 2.174870330001505 2.21526567793854 2.241664945578909 2.250649328062023 2.255327395846545 2.257133457847813 2.258026587916591 2.258389919951607 2.258566506480658 2.258640151616443 2.258675682941429 2.258690685678565 2.258697899027865 2.258700963852477 2.258702434922832 2.258703061931006 2.258703362629489 2.258703490999945 2.258703552537014
 2.174870773354632 2.215266244716143 2.241665583345016 2.250649988728547 2.255328067735814 2.25713413393505 2.258027266039566 2.258390598894478 2.258567185819977 2.258640831120668 2.258676362525122 2.25869136529579 2.258698578661205 2.258701643492661 2.258703114566305 2.25870374157588 2.258704042275037 2.258704170645776 2.258704232182984
 2.174870975910052 2.215266503487587 2.241665874468495 2.250650290286232 2.255328374410244 2.25713444252389 2.258027575557026 2.258390908785985 2.258567495892363 2.258641141268295 2.258676672709003 2.25869167549497 2.258698888867743 2.258701953702323 2.258703424777466 2.25870405178768 2.258704352487142 2.258704480858015 2.258704542395285
 2.174871064808043 2.215266617126973 2.241666002338409 2.250650422746631 2.255328509120418 2.25713457807563 2.258027711516879 2.258391044910209 2.258567632096065 2.258641277505057 2.258676808961698 2.258691811754389 2.258699025130389 2.258702089966345 2.258703561042145 2.258704188052641 2.258704488752237 2.258704617123168 2.258704678660464
 2.174871105177791 2.215266668707285 2.241666060369462 2.250650482858237 2.255328570252167 2.257134639589042 2.258027773215417 2.258391106683312 2.258567693905228 2.258641339329218 2.258676870793087 2.258691873588827 2.258699086966296 2.258702151802872 2.258703622878974 2.258704249889597 2.258704550589254 2.258704678960211 2.258704740497521
 2.174871122994448 2.215266691481296 2.241666085994899 2.250650509403466 2.255328597248204 2.257134666753714 2.258027800461869 2.258391133962702 2.258567721200544 2.258641366631159 2.258676898098222 2.258691900895308 2.258699114273424 2.258702179110275 2.258703650186508 2.258704277197187 2.258704577896872 2.25870470626784 2.258704767805155
 2.174871131049962 2.215266701774645 2.241666097575826 2.250650521399684 2.255328609448031 2.257134679029715 2.258027812774817 2.258391146290532 2.258567733535569 2.258641378969179 2.258676910437683 2.258691913235378 2.258699126613784 2.258702191450761 2.258703662527054 2.258704289537758 2.258704590237455 2.258704718608428 2.258704780145746


# name: <cell-element>
# type: matrix
# rows: 19
# columns: 19
 2.161700830510066 2.198267600685349 2.222428585499669 2.23068239164673 2.235000876173733 2.236680283369633 2.237510655163255 2.237852599648299 2.238017983710536 2.238088291813764 2.238121870624823 2.23813643327029 2.23814332553708 2.238146355022642 2.238147778604311 2.238148410299392 2.238148705424058 2.23814883729028 2.238148898609389
 2.168257402363757 2.206843898861719 2.23219072983157 2.240851691915875 2.245370524428431 2.247127731136104 2.24799561406492 2.24835311292214 2.248525935480643 2.248599431897118 2.248634523325559 2.248649746521427 2.248656949913327 2.248660116887374 2.248661604832525 2.248662265204532 2.248662573686593 2.248662711539623 2.248662775635978
 2.172284883706328 2.211985169058054 2.237992024397886 2.246873087849425 2.251500941110188 2.253299995867515 2.254188139222633 2.254553984220367 2.254730809140228 2.25480601369909 2.254841917206445 2.254857493975413 2.254864864182233 2.254868104715047 2.25486962714264 2.254870302853909 2.254870618488691 2.254870759543786 2.254870825126873
 2.173677956770027 2.213776788810448 2.240014544794908 2.248971707349078 2.253636828586447 2.255450058329116 2.256345039874014 2.256713690352222 2.25689185982987 2.256967637173561 2.257003813049151 2.2570195082884 2.257026934409013 2.25703019958214 2.257031733564342 2.257032414413334 2.257032732444524 2.257032874572076 2.257032940653223
 2.174395686994465 2.21469341020972 2.241046677653767 2.250041569946442 2.254725218722341 2.256545469014916 2.257443843400565 2.257813882589282 2.257992718433024 2.258068779184956 2.258105089950606 2.258120843792619 2.258128297592165 2.258131574952299 2.258133114652788 2.258133798042739 2.258134117259684 2.258134259917632 2.258134326245197
 2.174675447749118 2.215051895621826 2.241450518629679 2.250460166993479 2.255151028009679 2.256974000504108 2.257873688548138 2.258244264394969 2.258423357718178 2.258499527874194 2.258535890722713 2.258551667179637 2.258559131663314 2.258562413725929 2.258563955633386 2.258564640003754 2.25856495967831 2.258565102540904 2.258565168963559
 2.174813398195943 2.215228250623975 2.24164902801661 2.250665866519663 2.255360246310889 2.257184545782528 2.258084874658601 2.258455712140614 2.25863493104705 2.258711154538899 2.258747542786312 2.258763330267787 2.258770799961122 2.258774084316085 2.258775627299596 2.258776312147891 2.258776632045549 2.258776775007904 2.258776841476921
 2.174869781682383 2.215300470195161 2.241730352298096 2.250750142834339 2.255445964119797 2.25727080640218 2.258171397217882 2.258542341567713 2.258721611763514 2.258797857031242 2.258834255648967 2.258850047630954 2.258857519451173 2.2588608047419 2.258862348164698 2.258863033208087 2.258863353196824 2.258863496199904 2.258863562687848
 2.174897152697284 2.215335497696302 2.241769784895531 2.250791002819779 2.255487521537796 2.257312626419232 2.25821334399385 2.258584340054078 2.2587636350711 2.258839890876018 2.258876294512321 2.258892088672077 2.258899561521548 2.258902847265082 2.258904390900459 2.258905076038251 2.258905396071062 2.258905539093848 2.258905605590949
 2.174908593906315 2.215350155137017 2.241786289890855 2.250808106369865 2.255504917223029 2.257330132036627 2.258230902654914 2.258601920348237 2.258781225748248 2.258857485960532 2.258893891695929 2.258909686766529 2.258917160046487 2.258920445979404 2.258921989703693 2.258922674880966 2.25892299493221 2.258923137963238 2.258923204464168
 2.174914110711336 2.215357220113388 2.241794244544295 2.250816349208487 2.255513300758369 2.257338568518944 2.258239364688281 2.258610392802233 2.258789703203981 2.258865965539365 2.258902372285958 2.258918167795328 2.258925641282663 2.258928927306813 2.258930471073929 2.258931156270224 2.258931476330346 2.258931619365343 2.258931685868117
 2.174916442768141 2.215360208328403 2.241797609543127 2.250819836253683 2.255516847355254 2.257342137520748 2.258242944499891 2.258613977021987 2.258793289539456 2.25886955277287 2.258905959947172 2.25892175564213 2.25892922921718 2.258932515279916 2.25893405906515 2.258934744269488 2.258935064333369 2.258935207370045 2.2589352738736
 2.174917563696714 2.215361644397324 2.241799226609434 2.250821511945531 2.255518551657397 2.257343852587271 2.258244664760286 2.258615699400424 2.258795012934483 2.258871276599396 2.258907683979215 2.258923479763344 2.25893095338054 2.258934239461817 2.258935783255755 2.258936468463962 2.258936788529646 2.258936931567127 2.258936998071058
 2.174918040229946 2.215362255086393 2.241799914320262 2.250822224604179 2.255519276487558 2.257344581996334 2.258245396378446 2.258616431919406 2.258795745885816 2.258872009734239 2.25890841720146 2.258924213023513 2.258931686658635 2.258934972747798 2.258936516545438 2.258937201755286 2.258937521821739 2.258937664859562 2.258937731363653
 2.17491826892461 2.215362548139564 2.241800244326717 2.250822566579878 2.255519624303245 2.257344932009073 2.25824574745119 2.258616783424398 2.258796097598267 2.258872361534749 2.258908769043908 2.25892456488416 2.258932038527884 2.258935324620829 2.258936868420246 2.258937553630884 2.258937873697707 2.258938016735696 2.258938083239862
 2.174918366428066 2.215362673101216 2.24180038505128 2.250822712410125 2.255519772624286 2.257345081267109 2.258245897161274 2.258616933318816 2.258796247581154 2.258872511555185 2.258908919082231 2.258924714930243 2.258932188577632 2.258935474672193 2.258937018472365 2.25893770368334 2.258938023750318 2.258938166788377 2.258938233292577
 2.174918413184893 2.215362733022848 2.241800452530807 2.25082278233768 2.255519843746144 2.257345152838258 2.258245968949181 2.258617005195107 2.25879631949987 2.258872583491909 2.258908991027531 2.258924786879262 2.258932260528412 2.258935546623742 2.25893709042428 2.258937775635416 2.258938095702469 2.258938238740563 2.258938305244782
 2.174918433148619 2.21536275860953 2.241800481345307 2.250822812197691 2.255519874116185 2.25734518340016 2.258245999603644 2.258617035887315 2.258796350210194 2.258872614209918 2.2589090217492 2.258924817602521 2.258932291252422 2.258935577348087 2.258937121148777 2.258937806359982 2.258938126427067 2.258938269465177 2.258938335969399
 2.174918442718281 2.21536277087431 2.241800495157242 2.250822826510757 2.255519888673721 2.257345198049666 2.258246014297519 2.258617050599278 2.258796364930837 2.258872628934251 2.258909036475287 2.258924832329373 2.258932305979629 2.258935592075452 2.258937135876217 2.258937821087453 2.258938141154553 2.25893828419267 2.258938350696895


# name: <cell-element>
# type: matrix
# rows: 19
# columns: 19
 2.161701727539972 2.198272062859507 2.222442894800337 2.230704534599989 2.235033231709663 2.236717617532931 2.23755348571588 2.237897595175435 2.23806522084507 2.2381363221066 2.238170677412669 2.23818550098934 2.238192633952595 2.238195742750835 2.238197235243714 2.238197889617087 2.238198203357127 2.238198341404018 2.238198407539245
 2.168261923980604 2.206857037310523 2.232219182822273 2.240890447504493 2.245421359243294 2.247184211351843 2.248058148343998 2.24841800321361 2.248593238376746 2.248667585477596 2.248703504376181 2.248719005465174 2.248726463995297 2.24872971507978 2.24873127583412 2.248731960187563 2.248732288295886 2.248732432671443 2.248732501837899
 2.172293133634069 2.212005050994925 2.238029949824747 2.246922382823704 2.251563133784873 2.253368118108281 2.254262565347544 2.254630851842759 2.254810168908633 2.254886250916077 2.254923006318059 2.254938869087135 2.254946501504269 2.254949828486107 2.254951425662627 2.254952126000068 2.254952461770209 2.254952609518928 2.25495268030118
 2.173691465713611 2.213805166625218 2.240063229168129 2.249032599579778 2.253711100709657 2.255530425780942 2.256431824334433 2.256802955862617 2.256983648808224 2.25706031449801 2.257097351290747 2.257113335618421 2.257121026481256 2.257124378961529 2.257125988375249 2.257126694081649 2.257127032425489 2.257127181307125 2.257127252632083
 2.174411913634045 2.214725824465023 2.241100282547062 2.250107689379109 2.254804901380967 2.256631309104896 2.257536146038254 2.257908682098019 2.258090054788917 2.25816700849421 2.258204184188557 2.2582202284752 2.258227948172013 2.258231313226005 2.258232928674754 2.258233637028223 2.258233976641062 2.258234126081201 2.258234197673715
 2.174694715979142 2.215088704221441 2.241509337389315 2.250531783352325 2.255236350855582 2.257065530783348 2.25797171044541 2.258344793810006 2.258526431215528 2.258603496978699 2.258640726710063 2.258656794312521 2.258664525222 2.258667895164445 2.258669512959579 2.258670222342087 2.258670562448254 2.258670712105505 2.258670783802015
 2.17483386941558 2.215266744821955 2.241709824494187 2.250739558571762 2.255447696469174 2.25727822119481 2.25818505281732 2.25855840183753 2.258740167781889 2.258817287942805 2.258854543910133 2.258870622830613 2.258878359183346 2.258881731498609 2.258883350432705 2.258884060314676 2.258884400660292 2.258884550422918 2.258884622169913
 2.174891496788594 2.215340684685365 2.241793145818585 2.250825924895563 2.255535549620523 2.257366633301188 2.258273735513554 2.258647194684612 2.258829013902633 2.258906156600385 2.258943423436091 2.258959507044393 2.258967245651645 2.258970618949626 2.258972238355428 2.258972948444251 2.258973288889036 2.258973438695301 2.2589735104632
 2.1749193032331 2.215376307510668 2.241833267339917 2.250867504857247 2.255577842602258 2.257409194381636 2.258316426468344 2.258689938514282 2.258871783311315 2.258948936829962 2.258986208884483 2.259002294743724 2.259010034433552 2.259013408203404 2.25901502783571 2.259015738023853 2.259016078516256 2.259016228343472 2.259016300121411
 2.174931166652432 2.215391535973236 2.241850428748792 2.250885293146766 2.255595936725638 2.257427403386665 2.258334691070217 2.258708225739235 2.258890081477033 2.258967239623189 2.259004513909324 2.259020600731031 2.25902834088374 2.259031714855347 2.259033334584498 2.259034044815108 2.259034385327868 2.259034535164044 2.259034606946273
 2.174936823680667 2.215398789949089 2.241858600597115 2.250893762485868 2.255604551345886 2.257436072597165 2.258343386713833 2.258716932140915 2.258898793082423 2.258975953429668 2.259013228777333 2.259029316056867 2.259037056429768 2.259040430497345 2.259042050272568 2.259042760523377 2.259043101045826 2.259043250886265 2.259043322670538
 2.174939282918474 2.215401947887228 2.241862159644478 2.250897451595129 2.255608303879955 2.257439848948942 2.258347174590254 2.258720724706232 2.258902587915248 2.258979749221504 2.259017025031652 2.259033112510644 2.259040852979469 2.259044227088858 2.259045846884149 2.259046557143761 2.259046897670423 2.259047047512718 2.259047119297876
 2.174940445427038 2.215403439455367 2.241863840212467 2.250899193420866 2.255610075602577 2.257441631902119 2.258348962979913 2.258722515308173 2.258904379587194 2.258981541346021 2.259018817374428 2.259034904947555 2.259042645461651 2.25904601959077 2.259047639395534 2.259048349659297 2.259048690187953 2.259048840031125 2.259048911816706
 2.174940957260064 2.215404096843691 2.241864581135798 2.250899961429664 2.255610856816766 2.257442418074732 2.25834975155156 2.258723304855841 2.258905169606845 2.258982331565285 2.259019607689956 2.259035695304596 2.259043435838662 2.259046809976483 2.259048429785423 2.25904914005102 2.259049480580558 2.259049630424113 2.259049702209881
 2.174941197539839 2.215404405250727 2.241864928657481 2.250900321629739 2.255611223202267 2.257442786783375 2.258350121384604 2.258723675146405 2.258905540118683 2.258982702170711 2.259019978340516 2.259036065974624 2.259043806518046 2.259047180659951 2.259048800470849 2.259049510737301 2.259049851267249 2.259050001110987 2.25905007289684
 2.174941304289644 2.215404542371911 2.241865083206334 2.250900481829233 2.25561138615644 2.257442950771839 2.258350285873481 2.258723839838861 2.258905704909589 2.258982867003254 2.259020143193138 2.259036230835902 2.259043971383495 2.259047345527213 2.259048965338979 2.259049675605816 2.259050016135945 2.259050165979763 2.259050237765655
 2.174941354123063 2.215404606349357 2.241865155302627 2.250900556557255 2.255611462168118 2.257443027265595 2.258350362600535 2.258723916660844 2.258905781777477 2.25898294389056 2.259020220089806 2.259036307736611 2.25904404828614 2.259047422430706 2.259049042242882 2.259049752509898 2.259050093040112 2.259050242883968 2.259050314669879
 2.174941376409335 2.215404634977401 2.24186518756944 2.250900590003859 2.255611496189844 2.25744306150326 2.258350396942673 2.258723951045487 2.258905816182673 2.258982978304447 2.259020254507885 2.259036342156498 2.259044082706898 2.259047456851845 2.2590490766642 2.259049786931294 2.259050127461552 2.259050277305426 2.259050349091345
 2.174941386766049 2.215404648275538 2.241865202555763 2.250900605537428 2.255611511990307 2.257443077403947 2.25835041289186 2.258723967014405 2.258905832161137 2.258982994286947 2.259020270492337 2.259036358141789 2.259044098692593 2.259047472837713 2.259049092650155 2.259049802917291 2.259050143447561 2.259050293291443 2.259050365077362


# name: <cell-element>
# type: matrix
# rows: 19
# columns: 19
 2.161702009081531 2.198274445226402 2.22244857234998 2.230715368832232 2.235047400751422 2.236735602242843 2.237573236347138 2.237919220196659 2.238087578819506 2.238159426070315 2.238194047476908 2.238209129540359 2.238216350437045 2.238219540298482 2.238221059814623 2.23822173779682 2.238222059377235 2.238222203927398 2.238222272235148
 2.168263044336639 2.206862252686363 2.232229248185407 2.240907020050916 2.24544183098837 2.247208985400612 2.248084864998109 2.248446760139556 2.248622785796818 2.248697933264027 2.248734136650393 2.24874991299572 2.248757465056946 2.248760802074782 2.248762391474104 2.248763100780887 2.24876343717966 2.248763588414854 2.24876365987435
 2.172296358102503 2.21201477895987 2.238046144045786 2.246946085039664 2.251591149421617 2.253400716980474 2.254297211363599 2.254667624205982 2.254847762591321 2.254924672395278 2.254961721800261 2.254977868270784 2.254985597086625 2.254989012467524 2.254990639118715 2.254991365094642 2.254991709385941 2.254991864176983 2.254991937314248
 2.173696239888345 2.213817616691399 2.240082834609877 2.249060088267106 2.253743050885642 2.255567055068393 2.256470535708944 2.256843821987346 2.257025346341874 2.257102848811001 2.257140182712915 2.257156453510597 2.257164241710546 2.257167683400677 2.257169322561484 2.257170054132351 2.25717040107333 2.2571705570577 2.257170630758126
 2.174418687556085 2.214741441599862 2.241123742230051 2.250139333699308 2.254841132846978 2.256672282717639 2.257579226503108 2.257953933457859 2.258136143723555 2.258213938958258 2.25825141349948 2.258267745673749 2.258275563207853 2.258279017880647 2.258280663217794 2.258281397548843 2.258281745797607 2.258281902370599 2.258281976348917
 2.174702429243733 2.215105718408469 2.241534453770663 2.250565192203463 2.255274391622047 2.257108335983138 2.258016631268053 2.258391891322857 2.258574368514003 2.258652277543806 2.258689806755024 2.258706162771256 2.258713991702702 2.258717451417319 2.258719099153571 2.258719834556396 2.258720183313074 2.258720340114607 2.258720414200846
 2.174842618447819 2.21528525391582 2.241736698319342 2.250774823558583 2.255487636268208 2.257322943664406 2.258231898618958 2.258607428449091 2.258790035886197 2.258868000410718 2.258905556290504 2.258921923931943 2.258929758421932 2.258933220594632 2.258934869500766 2.258935605426082 2.258935954430412 2.258936111343356 2.258936185482209
 2.174900645287472 2.21535975682117 2.241820675224429 2.250861879764282 2.255576194211601 2.25741206701092 2.258321295271902 2.25869693675874 2.258879598086878 2.258957585562268 2.258995152471281 2.259011524919283 2.259019361707668 2.259022824896587 2.259024474286409 2.259025210427725 2.259025559534434 2.259025716493435 2.259025790654039
 2.174928863695161 2.215395951512771 2.241861459281842 2.250904154300345 2.255619196124414 2.257455342744175 2.258364703411635 2.258740398985017 2.258923086422298 2.259001085015421 2.259038657267667 2.259055032043992 2.259062869945811 2.259066333626973 2.259067983251107 2.259068719497045 2.259069068653353 2.259069225634666 2.259069299805808
 2.174940871232273 2.215411378211982 2.241878849537442 2.250922182256936 2.255637534754607 2.257473798223072 2.258383215351381 2.258758933977857 2.258941632541192 2.259019635871119 2.259057210399811 2.259073586168013 2.259081424544165 2.259084888435021 2.259086538158971 2.25908727444948 2.259087623626918 2.259087780617732 2.25908785479336
 2.174946668394622 2.2154188226421 2.241887240318253 2.250930880309147 2.255646382560125 2.257482702356068 2.258392146706649 2.258767876448171 2.258950580376331 2.259028585990216 2.259066161616588 2.259082537863055 2.259090376467926 2.259093840459891 2.259095490231973 2.259096226543966 2.259096575731591 2.259096732726988 2.259096806904785
 2.174949174475373 2.215422044070015 2.241890872274933 2.25093464557785 2.255650212734652 2.257486556932726 2.258396013071235 2.258771747624738 2.258954453875142 2.259032460477602 2.259070036579071 2.259086413032531 2.259094251736391 2.259097715772119 2.259099365565024 2.259100101886324 2.259100451078359 2.259100608075735 2.259100682254467
 2.174950379845595 2.215423593123414 2.241892618608032 2.250936455968681 2.255652054320363 2.25748841024732 2.258397872052284 2.258773608918984 2.258956316285768 2.259034323363463 2.259071899693329 2.259088276246299 2.259096114997749 2.259099579054513 2.259101228857434 2.2591019651832 2.259102314377353 2.259102471375685 2.259102545554865
 2.174950905779799 2.215424269429244 2.241893381176529 2.250937246550157 2.2556528585354 2.257489219587087 2.258398683867245 2.258774421744249 2.258957129598581 2.259035136883814 2.259072713313423 2.259089089909844 2.259096928682077 2.259100392748025 2.259102042555316 2.259102778883042 2.259103128078122 2.259103285076871 2.259103359256246
 2.174951158210242 2.21542459398753 2.241893747117391 2.250937625929124 2.255653244455387 2.2574896079659 2.25839907343372 2.258774811795504 2.258957519883783 2.259035527268602 2.259073103746069 2.259089480363343 2.259097319145548 2.259100783215903 2.259102433025293 2.259103169353955 2.259103518549479 2.259103675548426 2.259103749727897
 2.174951268960915 2.215424736435843 2.241893907745291 2.250937792460893 2.255653413859836 2.257489778450056 2.258399244439307 2.258774983013917 2.258957691204895 2.259035698633432 2.25907327513191 2.259089651758337 2.259097490544921 2.259100954617211 2.259102604427522 2.259103340756594 2.259103689952316 2.259103846951349 2.25910392113086
 2.174951322052614 2.215424804717204 2.241893984739081 2.250937872284007 2.255653495059741 2.25748986016745 2.258399326406628 2.258775065083249 2.258957773323452 2.259035780772943 2.259073357281488 2.259089733912307 2.259097572700989 2.259101036774205 2.259102686584962 2.259103422914229 2.259103772110039 2.259103929109116 2.25910400328865
 2.17495134542253 2.215424834779934 2.24189401863983 2.250937907431191 2.255653530813333 2.257489896148948 2.258399362498182 2.25877510121972 2.258957809481599 2.259035816940316 2.2590733934533 2.259089770086046 2.259097608875648 2.259101072949278 2.259102722760226 2.25910345908958 2.259103808285432 2.259103965284531 2.259104039464073
 2.174951356617563 2.215424849180375 2.241894034878508 2.250937924266853 2.255653547939441 2.257489913384218 2.258399379786173 2.258775118529226 2.258957826801486 2.259035834264625 2.259073410779728 2.259089787413404 2.259097626203451 2.259101090277273 2.259102740088317 2.259103476417713 2.259103825613584 2.259103982612691 2.259104056792237


# name: <cell-element>
# type: matrix
# rows: 19
# columns: 19
 2.161702097542386 2.198275035534177 2.222450810562467 2.230719200078223 2.235053408477942 2.236742829451061 2.237581831371188 2.237928417445972 2.238097413288576 2.238169506110439 2.238204377088741 2.23821954820488 2.238226855655522 2.238230075129672 2.238231622057814 2.23823230923653 2.238232638917746 2.23823278617123 2.238232856748533
 2.168263642511789 2.206864308074081 2.232234172426287 2.240914181138896 2.245451680931036 2.24722025371252 2.248097671037947 2.2484602297601 2.248636949710872 2.248712362700242 2.248748834325982 2.248764706098788 2.248772350496591 2.248775719075241 2.248777337582065 2.248778056654097 2.248778401627861 2.248778555725869 2.248778629582489
 2.172297642318833 2.212018219050692 2.238053149610018 2.246955632198549 2.25160362329718 2.253414697056675 2.254312806804681 2.254683911081854 2.254864770357023 2.254941955009617 2.254979281535308 2.254995526476137 2.255003350429501 2.25500679831609 2.255008454908376 2.255009190929008 2.255009544031273 2.25500970176435 2.25500977736284
 2.173698576395683 2.213822888154297 2.240092267965702 2.249072305591067 2.253758338036282 2.255583899269075 2.256489030216541 2.256863020344833 2.257045275789355 2.257123056725491 2.257160670928673 2.257177041304265 2.257184925615481 2.257188400144583 2.257190069532192 2.257190811244651 2.257191167076875 2.257191326030466 2.257191402213842
 2.174421667810479 2.214747716684429 2.241134432658939 2.250152902387586 2.254857827399974 2.256690553840536 2.257599162008348 2.257974577828334 2.258157523508152 2.258235598747625 2.258273354992469 2.258289787232307 2.258297701318701 2.258301188980812 2.258302864676583 2.258303609193699 2.258303966371237 2.258304125926085 2.258304202397606
 2.174706147726524 2.215113106675785 2.241546494944846 2.250580199033949 2.255292568070434 2.257128104420689 2.25803807281756 2.258414044942811 2.258597259763573 2.258675449621763 2.258713261179329 2.258729717494645 2.258737643168818 2.258741135940085 2.258742814090029 2.258743559698037 2.258743917398861 2.258744077187548 2.258744153771131
 2.174846668343422 2.215293120512909 2.241749308679474 2.250790431585312 2.255506430291915 2.257343335402795 2.25825396689285 2.258630210049893 2.25881355604169 2.258891801736357 2.258929640243821 2.25894610828547 2.258954039604116 2.258957534863498 2.258959214208658 2.258959960347856 2.258960318303496 2.258960478206035 2.258960554844186
 2.174905047164063 2.215368125396391 2.241833876563081 2.250878110025068 2.255595625316699 2.257433101126716 2.258344008647656 2.258720364497137 2.258903765000821 2.25898203388795 2.259019883588072 2.259036356498652 2.259044290160928 2.259047786453249 2.259049466294616 2.259050212654325 2.259050570715746 2.259050730665545 2.259050807326347
 2.174933400738628 2.215404509080306 2.241874881435578 2.25092061633121 2.255638864314947 2.257476615832617 2.25838765677585 2.258764067096159 2.258947493954369 2.259025774053516 2.259063629164986 2.259080104429382 2.259088039224699 2.259091536016377 2.259093216097626 2.259093962563933 2.259094320676491 2.259094480649136 2.259094557320889
 2.174945545367814 2.215420125692277 2.241892492215038 2.250938875298924 2.255657438890385 2.25749530903826 2.258406407325969 2.258782841042932 2.258966279216815 2.25904456412878 2.259082421562862 2.259098897837456 2.259106833119021 2.25911033012499 2.259112010309179 2.259112756821231 2.259113114955733 2.259113274938192 2.259113351614638
 2.174951390935752 2.21542763658565 2.241900959948809 2.250947653867335 2.255666368913571 2.257504296000982 2.258415421824302 2.258791866777378 2.258975310386467 2.25905359761024 2.259091456160035 2.259107932919889 2.259115868435037 2.25911936554395 2.259121045777591 2.259121792311614 2.259122150456659 2.259122310443817 2.259122387122523
 2.174953943748174 2.215430921594614 2.241904665161191 2.250951495658191 2.255670277149587 2.257508229199994 2.258419367085501 2.258795816958667 2.258979262947043 2.25905755118267 2.259095410220761 2.259111887192988 2.259119822810361 2.25912331996432 2.259125000219601 2.259125746763238 2.259126104912895 2.259126264902115 2.259126341581808
 2.174955164935653 2.215432492095754 2.241906436186238 2.250953331832979 2.255672145038639 2.257510109006542 2.258421252652707 2.258797704875974 2.258981152000993 2.259059440720033 2.259097299991418 2.259113777065101 2.259121712731315 2.2591252099068 2.259126890172416 2.259127636720651 2.259127994872511 2.259128154862721 2.259128231542889
 2.174955705344345 2.215433187857241 2.241907221059718 2.250954145672569 2.255672972962733 2.257510942220738 2.258422088422471 2.258798541687994 2.258981989316996 2.25906027825035 2.259098137625163 2.259114614743828 2.259122550431693 2.259126047616715 2.25912772788692 2.259128474437194 2.25912883259003 2.259128992580672 2.259129069261046
 2.174955962591233 2.215433518886242 2.241907594420534 2.250954532788889 2.255673366771042 2.257511338543071 2.258422485959674 2.25879893972074 2.258982387589396 2.259060676624678 2.259098536048668 2.259115013188728 2.259122948886886 2.259126446076454 2.259128126348835 2.259128872900074 2.259129231053379 2.259129391044227 2.259129467724703
 2.17495607751787 2.215433666899779 2.241907761407201 2.25095470594322 2.255673542923361 2.257511515821263 2.258422663781678 2.258799117764519 2.258982565740403 2.259060854821279 2.259098714267275 2.259115191416903 2.259123127119669 2.259126624311261 2.259128304584621 2.259129051136291 2.259129409289803 2.259129569280745 2.259129645961265
 2.17495613199659 2.215433737031437 2.241907840516566 2.250954787970171 2.255673626369152 2.257511599799988 2.258422748017885 2.258799202105739 2.258982650132409 2.259060939234879 2.259098798691302 2.259115275845457 2.259123211550409 2.259126708742958 2.259128389016781 2.259129135568664 2.25912949372227 2.25912965371326 2.2591297303938
 2.174956156508554 2.215433768606726 2.241907876141412 2.250954824911481 2.25567366395023 2.257511637621309 2.258422785955232 2.258799240090408 2.258982688139953 2.259060977252157 2.25909883671327 2.259115313869473 2.259123249575401 2.259126746768389 2.25912842704242 2.259129173594391 2.25912953174804 2.25912969173905 2.259129768419598
 2.1749561680856 2.215433783514002 2.241907892958314 2.250954842349026 2.25567368168952 2.257511655473927 2.258422803862598 2.258799258020099 2.258982706080445 2.259060995197239 2.259098854660566 2.259115331817734 2.259123267524124 2.259126764717311 2.259128444991438 2.259129191543452 2.259129549697127 2.259129709688144 2.259129786368697


# name: <cell-element>
# type: matrix
# rows: 19
# columns: 19
 2.161702125321744 2.198275350705139 2.222451696778362 2.230721074632381 2.23505602080285 2.236746309022012 2.23758576070458 2.237932830980489 2.238102034917276 2.238174344437377 2.238209298635134 2.238224553584298 2.238231891107179 2.238235139684908 2.238236696653036 2.238237393126571 2.238237725951945 2.23823787598683 2.238237947498609
 2.168263790727342 2.206865122071565 2.232235913870919 2.240917249850842 2.24545564468258 2.247225223182827 2.248103144185972 2.248466238729492 2.248643185657088 2.248718833803166 2.248755395145821 2.248771356949826 2.248779033547164 2.248782433180726 2.248784062387927 2.248784791335438 2.248785139648888 2.248785296693168 2.248785371539877
 2.172298147280523 2.212019902219069 2.238056149035514 2.246960225295756 2.251609229105686 2.253421390976294 2.254320036223007 2.254691703118807 2.25487279929226 2.254950228268983 2.254987647791854 2.255003985819383 2.255011843035219 2.25501532294264 2.255016990565264 2.255017736750872 2.255018093290862 2.255018254053029 2.255018330669618
 2.17369940248441 2.213825182884209 2.240096064037388 2.24907780440053 2.253764894417967 2.255591573469929 2.256497250996857 2.256871812890299 2.257054308567213 2.257132336888601 2.257170045178029 2.257186509652978 2.257194427578328 2.25719793444781 2.257199614974867 2.25720036694811 2.257200726250505 2.257200888260621 2.257200965471374
 2.174422926573297 2.21475073801175 2.241139139671275 2.250159399660475 2.254865419499025 2.256699282796617 2.257608445001159 2.25798443751496 2.258167625321985 2.258245949470605 2.258283800368234 2.258300327198342 2.258308275074712 2.258311795231033 2.25831348211987 2.258314236943866 2.258314597607393 2.258314760231993 2.258314837735399
 2.174707640567521 2.215116490080006 2.241551639777443 2.250587167272253 2.255300645077803 2.257137325197005 2.258047850351777 2.258424400956593 2.258607858595912 2.258686297921462 2.258724204340188 2.25874075542778 2.258748714957214 2.258752240280296 2.25875392964337 2.258754685575652 2.258755046768425 2.258755209631881 2.258755287249063
 2.174848423468928 2.215296896310955 2.241754923276835 2.250797900163723 2.255515020958726 2.25735307544503 2.258264266031291 2.258641088897829 2.258824678218969 2.25890317371729 2.258941107220235 2.25895767013523 2.258965635347443 2.258969163189176 2.258970853758573 2.258971610231027 2.258971971681797 2.258972134661654 2.258972212334283
 2.174906915222582 2.215372064431169 2.241839683668331 2.250885782293684 2.255604424553183 2.257443051794554 2.2583545192754 2.258731455297323 2.258915099323049 2.258993618143878 2.25903156289125 2.259048130715025 2.259056098285893 2.259059627172789 2.259061318242802 2.259062074939389 2.259062436497215 2.259062599525369 2.259062677221017
 2.174935388061416 2.21540861814802 2.241880888089899 2.250928498921646 2.255647878676045 2.257486783500475 2.258398385223595 2.258775376096759 2.258959046644331 2.259037576770613 2.259075526969134 2.259092097172303 2.259100065886531 2.259103595280006 2.259105286592675 2.259106043397895 2.259106405007615 2.259106568059174 2.259106645765975
 2.174947578001159 2.215424298319027 2.241898572957461 2.250946835775835 2.255666532835704 2.257505556960474 2.258417216321557 2.258794230731373 2.258977912655874 2.259056447630579 2.259094400166687 2.259110971390079 2.259118940594547 2.259122470205219 2.259124161621928 2.259124918473721 2.25912528010568 2.259125443167276 2.259125520878859
 2.174953469410842 2.215431872856895 2.241907114571576 2.250955691820682 2.255675541966802 2.257514623651896 2.258426310827921 2.258803336596206 2.258987024011503 2.259065561326119 2.259103514990413 2.259120086706187 2.259128056147259 2.259131585862753 2.259133277329671 2.259134034203943 2.259134395846641 2.259134558913086 2.25913463662697
 2.174956038442254 2.215435180213346 2.241910845648488 2.25095956070857 2.25567947785966 2.257518584722946 2.258430284057832 2.258807314789586 2.258991004603742 2.259069542940507 2.259107497097609 2.25912406902844 2.259132038572856 2.259135568334136 2.259137259822988 2.259138016707078 2.259138378354463 2.259138541423023 2.259138619137916
 2.174957275295559 2.215436772095251 2.241912641322568 2.25096142265627 2.255681372038248 2.257520491013757 2.258432196198505 2.258809229318373 2.25899292028677 2.259071459115351 2.259109413509572 2.259125985543888 2.25913395513803 2.259137484921335 2.259139176420739 2.259139933309551 2.259140294959199 2.259140458028772 2.259140535744148
 2.174957821040081 2.215437475117051 2.241913434557217 2.250962245236057 2.255682208876714 2.25752133320848 2.258433040979019 2.258810075154258 2.258993766632667 2.259072305678553 2.259110260177538 2.259126832257567 2.259134801873677 2.259138331666711 2.259140023170779 2.259140780061676 2.259141141712318 2.259141304782338 2.259141382497935
 2.174958083191702 2.215437812761043 2.241913815508754 2.250962640274147 2.255682610760515 2.25752173766403 2.258433446676195 2.258810481358221 2.258994173081543 2.259072712231774 2.259110666781064 2.259127238883052 2.259135208509718 2.25913873830742 2.25914042981373 2.25914118670563 2.259141548356755 2.259141711426992 2.259141789142685
 2.174958199760878 2.215437962988663 2.241913985035871 2.250962816079963 2.255682789615798 2.257521917664624 2.258433627229571 2.258810662137195 2.258994353969526 2.259072893166199 2.259110847737885 2.259127419849643 2.259135389480998 2.259138919280792 2.259140610788091 2.259141367680441 2.259141729331772 2.259141892402107 2.259141970117851
 2.174958255676135 2.215438035041243 2.241914066342257 2.250962900396776 2.255682875394891 2.257522003992935 2.258433713822984 2.258810748838791 2.258994440723406 2.259072979942353 2.259110934524771 2.259127506641224 2.259135476274828 2.259139006075614 2.259140697583391 2.259141454475953 2.259141816127391 2.259141979197771 2.259142056913538
 2.17495828066744 2.215438067258026 2.241914102701111 2.250962938103298 2.255682913755765 2.257522042599529 2.258433752548164 2.258810787612366 2.25899447952036 2.259073018749275 2.259110973336501 2.259127545455035 2.259135515089654 2.259139044890886 2.259140736398879 2.259141493291537 2.259141854943019 2.259142018013422 2.259142095729195
 2.17495829264415 2.215438082696346 2.241914120123944 2.250962956171797 2.255682932137779 2.257522061099295 2.258433771104749 2.25881080619214 2.258994498111341 2.259073037345019 2.25911099193454 2.25912756405409 2.259135533689188 2.259139063490638 2.259140754998734 2.259141511891432 2.259141873542933 2.259142036613345 2.259142114329126


# name: <cell-element>
# type: matrix
# rows: 19
# columns: 19
 2.161702134047688 2.198275428798227 2.222452046630749 2.230721737501731 2.235057134572712 2.236747708091501 2.23758748454583 2.237934713044817 2.23810408638514 2.238176466962646 2.238211494929609 2.238226778025171 2.238234143825323 2.238237402566548 2.238238969361388 2.238239669243092 2.238240005229463 2.238240156339971 2.238240228807992
 2.168263869861286 2.20686544336878 2.232236765900113 2.240918573340607 2.245457552162953 2.247227472453023 2.248105767126785 2.248469038676224 2.248646172830229 2.248721898570693 2.24875854000985 2.248774532202164 2.248782239200171 2.248785649731503 2.248787289436934 2.248788022021509 2.248788373697429 2.24878853188558 2.248788607746349
 2.172298347568381 2.212020497413501 2.238057443535803 2.246962073796459 2.251611727707687 2.253424257473774 2.254323299510873 2.254695152133124 2.254876443964401 2.254953953625415 2.254991456263679 2.255007825753339 2.255015714393828 2.255019205554572 2.25502088400286 2.25502163393745 2.255021993939181 2.255022155878887 2.255022233538298
 2.173699806699782 2.213826160403379 2.240097890838565 2.249080252194333 2.253768033583084 2.25559509591499 2.256501180902661 2.256875932409248 2.257058626996632 2.257136737185067 2.25717452966666 2.257191025988369 2.257198975691697 2.257202493938038 2.257204185402034 2.257204941162553 2.257205303960164 2.257205467159251 2.257205545422479
 2.174423475494023 2.214751952771062 2.2411412729834 2.250162181729775 2.254868909709636 2.256703162346678 2.257612736332065 2.25798892003721 2.25817230812009 2.258250714636889 2.258288650194552 2.258305209039611 2.258313188851586 2.258316720440041 2.258318418316441 2.258319176945136 2.258319541119345 2.258319704938176 2.258319783498576
 2.174708359520141 2.21511797215983 2.241554105583905 2.250590307536072 2.255304506521739 2.257141580680339 2.258052520229483 2.258429262988278 2.258612921570805 2.258691443515881 2.258729434798133 2.258746017976077 2.258754009506009 2.258757546284563 2.25875924665552 2.258760006399617 2.258760371109191 2.258760535168986 2.258760613844931
 2.17484922809093 2.21529850584093 2.241757543263866 2.250801204556915 2.255519051592264 2.257357501921101 2.258269107941596 2.258646123348101 2.258829913892818 2.258908492116938 2.258946510572818 2.258963105611307 2.258971102853395 2.258974642161144 2.258976343747776 2.258977104035328 2.258977469005758 2.258977633182934 2.258977711915179
 2.1749078121766 2.215373809682881 2.241842465980452 2.250889258855588 2.255608631995835 2.257447656750399 2.258359540494368 2.258736669370372 2.258920514804425 2.258999116423669 2.259037146174073 2.259053746140802 2.259061745756343 2.259065286114796 2.259066988206485 2.259067748719775 2.25906811379856 2.259068278024494 2.25906835678011
 2.174936323942924 2.215410419079633 2.241883736187432 2.250932044898119 2.255652157265459 2.25749146022439 2.258403478530142 2.25878066237892 2.258964534410058 2.259043147364284 2.259081182587304 2.259097784941686 2.259105785707176 2.259109326574656 2.259111028911004 2.259111789533656 2.259112154664928 2.259112318914493 2.259112397681431
 2.174948554349857 2.21542615668216 2.241901488516138 2.250950452787313 2.255670884116874 2.257510306976118 2.258422383206754 2.258799590703314 2.258983474171037 2.259062091997816 2.259100129573061 2.259116732953581 2.259124734213243 2.259128275299467 2.259129977740967 2.259130738410605 2.259131103564438 2.259131267824145 2.259131346595948
 2.174954461106339 2.215433752691025 2.241910055205926 2.250959335173701 2.255679920183185 2.25751940081744 2.258431504968412 2.258808723864275 2.258992612845672 2.259071233021582 2.259109271730912 2.259125875606143 2.259133877104095 2.259137418295774 2.259139120787967 2.259139881480265 2.259140246644969 2.259140410909568 2.259140489683724
 2.174957045532078 2.215437081413825 2.241913811120863 2.250963230107355 2.255683882681906 2.25752338869846 2.258435505105014 2.258812729002344 2.258996620402112 2.259075241608183 2.259113280814816 2.259129884906975 2.259137886509374 2.259141427747302 2.259143130261718 2.259143890963944 2.259144256133428 2.259144420400175 2.259144499175363
 2.174958287865141 2.215438680846014 2.241915615548968 2.250965101225164 2.255685786225164 2.257525304424761 2.25843742671533 2.258814653014162 2.258998545575265 2.259077167276065 2.259115206721513 2.259131810917848 2.25913981257043 2.259143353830558 2.25914505635565 2.259145817062647 2.259146182234414 2.259146346502197 2.259146425277873
 2.174958838882409 2.215439391073833 2.241916417103953 2.250965932506795 2.255686631943242 2.257526155564225 2.258438280471402 2.258815507837844 2.258999400915097 2.259078022835744 2.259116062387327 2.259132666629953 2.259140668304825 2.259144209574816 2.25914591210465 2.259146672813772 2.259147037986546 2.259147202254777 2.259147281030677
 2.174959102845234 2.215439731184984 2.241916800901356 2.250966330520142 2.255687036862875 2.257526563077783 2.258438689237205 2.258815917114636 2.258999810438954 2.259078432464844 2.259116472067223 2.259133076332007 2.259141078017553 2.259144619292273 2.259146321824377 2.259147082534508 2.259147447707772 2.259147611976225 2.259147690752236
 2.174959221080402 2.215439883664135 2.241916973015985 2.250966509027241 2.255687218472747 2.257526745852569 2.258438872574072 2.258816100680805 2.258999994115976 2.25907861618907 2.259116655814243 2.259133260088972 2.259141261779298 2.259144803056127 2.259146505589262 2.259147266299854 2.259147631473336 2.259147795741888 2.259147874517943
 2.174959277558129 2.215439956476142 2.241917055195049 2.25096659425508 2.255687305180874 2.257526833116534 2.258438960106298 2.258816188322475 2.259000081810558 2.259078703906203 2.259116743542243 2.259133347821715 2.259141349514328 2.259144890792177 2.259146593325794 2.259147354036599 2.259147719210187 2.259147883478787 2.259147962254861
 2.174959303043742 2.215439989355446 2.241917092312722 2.250966632752781 2.255687344348151 2.257526872535156 2.258438999646175 2.258816227911826 2.259000121423812 2.259078743529638 2.259116783170601 2.259133387452224 2.259141389145868 2.259144930424172 2.259146632958004 2.259147393668909 2.259147758842542 2.259147923111165 2.259148001887248
 2.174959315186466 2.215440005016357 2.241917109990597 2.250966651087245 2.25568736300128 2.257526891307932 2.258439018476672 2.258816246765864 2.259000140289242 2.259078762399914 2.259116802043218 2.259133406325859 2.259141408019998 2.259144949298524 2.259146651832463 2.259147412543411 2.259147777717074 2.259147941985703 2.259148020761792





