# Created by Octave 3.8.1, Thu Jul 14 17:05:55 2016 PDT <adrian@adrian-270E5J>
# name: free_results
# type: cell
# rows: 3
# columns: 1
# name: <cell-element>
# type: matrix
# rows: 21
# columns: 21
 2.128936212886619 2.128952926440597 2.1289382639336 2.12894401773505 2.128938971610484 2.128940952785201 2.128939215964914 2.128939898195213 2.128939300368771 2.128939535309898 2.128939329528126 2.128939410437117 2.128939339602681 2.128939367466411 2.128939343083544 2.128939352679402 2.128939344286215 2.128939347590898 2.128939344701754 2.128939345839842 2.128939344845327
 5.167316032855264 5.167400663045185 5.167374296346151 5.167403415331566 5.167394335703795 5.167404356593915 5.167401229460133 5.16740467832339 5.16740360121967 5.16740478825987 5.167404417250748 5.167404825819128 5.167404698022496 5.167404838649595 5.167404794628807 5.167404843032211 5.167404827868753 5.167404844529091 5.167404839305872 5.167404845040329 5.167404843241126
 2.130517121768948 2.130533853728359 2.130519188517972 2.130524948651154 2.130519901594712 2.130521884948042 2.13052014780645 2.130520830786439 2.130520232849199 2.130520468048314 2.130520262228334 2.13052034322611 2.130520272378495 2.13052030027278 2.130520275885363 2.13052028549174 2.13052027709699 2.130520280405287 2.130520277515601 2.130520278654937 2.130520277660232
 5.163487229254141 5.163571733066719 5.163545388408281 5.163574463916002 5.163565391883769 5.163575397813607 5.163572273297886 5.163575717012983 5.163574640811756 5.163575826080277 5.163575455382281 5.163575863340944 5.163575735651582 5.163575876068845 5.163575832085034 5.163575880416209 5.163575865265511 5.163575881901002 5.163575876682166 5.163575882408075 5.163575880610387
 2.132096214793198 2.132112965599058 2.13209829728499 2.132104063901791 2.132099015775681 2.132101001359935 2.132099263849611 2.1320999475973 2.132099349532937 2.132099584996247 2.132099379132441 2.132099460221129 2.132099389358406 2.132099417283977 2.132099392891356 2.132099402508498 2.132099394111953 2.13209939742396 2.132099394533655 2.132099395674262 2.132099394679345
 5.159668065690568 5.159752444498211 5.159726121437077 5.159755153939464 5.159746089350081 5.159756080482197 5.159752958531961 5.159756397154855 5.159755321838012 5.159756505354107 5.159756134961005 5.159756542316591 5.159756414732329 5.159756554942039 5.159756510994469 5.159756559254215 5.159756544116006 5.159756560726906 5.159756555512388 5.159756561229833 5.15975655943364
 2.133673607331658 2.133690377131011 2.133675705578425 2.133681478729492 2.133676429487303 2.133678417319923 2.13367667942489 2.133677363946285 2.133676765749304 2.13367700147887 2.133676795569337 2.133676876749664 2.133676805871182 2.133676833828285 2.133676809430225 2.133676819058222 2.133676810659803 2.133676813975545 2.133676811084595 2.133676812226486 2.133676811231344
 5.155858512488212 5.155942767026086 5.155916465365942 5.155945455115954 5.155936397901804 5.155946374323278 5.15594325491521 5.155946688475858 5.155945614035375 5.155946795809387 5.155946425718386 5.15594683247443 5.155946704994331 5.155946844997717 5.155946801086052 5.155946849274796 5.155946834148965 5.155946850735432 5.155946845525174 5.155946851234221 5.155946849439492
 2.135249337485703 2.13526612632621 2.135251451489953 2.135257231191693 2.135252180817874 2.135254170904521 2.135252432619426 2.135253117916478 2.135252519585027 2.135252755581532 2.135252549625646 2.135252630897831 2.135252560003366 2.135252587992087 2.135252563588519 2.135252573227393 2.135252564827071 2.135252568146561 2.135252565254954 2.135252566398136 2.135252565402772
 5.152058540205538 5.152142670992761 5.152116390620806 5.15214533779708 5.152136287919285 5.152146249691571 5.152143132812292 5.152146561331855 5.152145487763109 5.152146667802288 5.152146298011833 5.152146704170853 5.152146576794357 5.152146716592275 5.152146672716327 5.152146720834356 5.152146705720844 5.152146722282972 5.152146717076961 5.152146722777633 5.152146720984361
 2.136823418164963 2.136840226060664 2.13682554792586 2.136831334183116 2.136826282672553 2.136828275014891 2.136826536337967 2.136827222411255 2.136826623944734 2.136826860208363 2.13682665420591 2.13682673557003 2.136826664659512 2.13682669267987 2.13682666827077 2.136826677920533 2.136826669518306 2.136826672841539 2.136826669949274 2.136826671093746 2.136826670098156
 5.1482681186271 5.148352126108775 5.14832586694058 5.148354771696257 5.14834572912573 5.148355676301531 5.148352561941 5.148355985437616 5.14835491273716 5.148356091047766 5.148355721556631 5.148356127120773 5.148355999847473 5.148356139440665 5.148356095600295 5.148356143647861 5.148356128546619 5.148356145084497 5.148356139882725 5.148356145575034 5.148356143783237
 2.138395853993529 2.13841268094708 2.1383979995091 2.138403792322782 2.138398739673882 2.138400734272223 2.138398995202927 2.138399682052551 2.138399083450769 2.13839931998157 2.138399113932487 2.138399195388552 2.138399124461958 2.138399152513959 2.138399128099319 2.138399137759969 2.138399129355835 2.13839913268281 2.138399129789885 2.13839913093565 2.13839912993983
 5.144487217132892 5.144571101728006 5.144544863688957 5.144573726168179 5.144564690879191 5.144574623508105 5.144571511657474 5.14457493014821 5.144573858312974 5.144575034900874 5.144574665708026 5.144575070679308 5.144574943508846 5.144575082897993 5.144575039093083 5.144575087070431 5.144575071981422 5.144575088495146 5.144575083297568 5.144575088981573 5.14457508719121
 2.139966646853276 2.139983492863434 2.13996880812111 2.139974607490803 2.139969553703156 2.139971550557362 2.139969811095551 2.139970498721468 2.13996989998438 2.139970136782328 2.139969930686598 2.139970012234599 2.139969941291926 2.139969969375568 2.139969944955378 2.13996995462692 2.13996994622087 2.139969949551602 2.139969946658018 2.139969947805073 2.139969946809025
 5.140715804996288 5.140799567113897 5.140773350132818 5.140802170476324 5.14079314244435 5.140803060574803 5.140799951225617 5.140803364727125 5.140802293754208 5.140803468625141 5.140803099729576 5.140803504109965 5.140803377041986 5.140803516227795 5.140803472458214 5.140803520365588 5.140803505288732 5.140803521778374 5.140803516585007 5.140803522260716 5.140803520471814
 2.141535797715286 2.141552662779495 2.14153797473283 2.141543780657646 2.141538725731259 2.141540724841017 2.141538984986698 2.141539673388799 2.141539074516403 2.141539311581464 2.141539105439093 2.141539187079021 2.141539116120267 2.141539144235542 2.141539119809805 2.141539129492242 2.141539121084279 2.141539124418753 2.141539121524513 2.141539122672855 2.141539121676583
 5.136953851526504 5.137037491571173 5.137011295578288 5.137040073925239 5.137031053126256 5.137040956806123 5.137037849950098 5.137041258478868 5.137040188365402 5.137041361525038 5.13704099292576 5.137041396717214 5.137041269751386 5.137041408734529 5.137041365000148 5.137041412837772 5.137041397773067 5.137041414238694 5.137041409049516 5.137041414716963 5.137041412929499
 2.143103307248484 2.143120191363676 2.14310550001308 2.143111312491969 2.143106256426988 2.143108257791935 2.143106517545157 2.143107206723319 2.143106607715629 2.143106845047764 2.143106638858752 2.143106720590591 2.143106649615752 2.143106677762664 2.143106653331387 2.143106663024704 2.143106654614837 2.143106657953052 2.143106655058156 2.143106656207786 2.143106655211284
 5.133201326126862 5.133284844500486 5.133258669426677 5.13328740591534 5.133278392325522 5.133288281602391 5.133285177231304 5.133288580803711 5.133287511546873 5.133288683000843 5.133288314696874 5.133288717901351 5.133288591037321 5.133288729818445 5.133288686119179 5.133288733887261 5.133288718834665 5.133288735276371 5.133288730091364 5.133288735750579 5.13328873396455
 2.144669176022645 2.144686079185576 2.144671384531602 2.144677203563435 2.144672146360048 2.144674149979805 2.144672409340624 2.144673099294717 2.14467250015176 2.144672737750922 2.144672531515277 2.144672613339013 2.144672542348099 2.144672570526632 2.144672546089814 2.144672555794016 2.144672547382231 2.144672550724199 2.144672547828641 2.144672548979563 2.144672547982835


# name: <cell-element>
# type: matrix
# rows: 21
# columns: 21
 2.11996946365532 5.191605879545193 2.120584238733497 5.190108341435986 2.121198323764422 5.188608614656918 2.121812026328076 5.187109054034456 2.122425440447001 5.18561049902688 2.123038595386692 5.184113246470183 2.123651500425269 5.182617400115367 2.12426415856405 5.181122995330943 2.124876570800535 5.179630043354739 2.125488737482798 5.178138546933602 2.126100658745566
 2.119972679959173 5.191616705853094 2.120587455295057 5.190119161172542 2.12120154125314 5.188619429308721 2.121815244977489 5.187119864123046 2.122428660338405 5.185621304737247 2.123041816548203 5.184124047869956 2.123654722866431 5.182628197231202 2.124267382287921 5.18113378817524 2.124879795807913 5.179640831934869 2.125491963773686 5.178149331255231 2.126103886319682
 2.119970058847051 5.191612601195757 2.120584834779663 5.190115058022201 2.121198920727402 5.188615327093551 2.121812624229614 5.187115762643162 2.122426039294558 5.185617203922575 2.123039195182707 5.184119947695686 2.123652101170418 5.182624097688361 2.124264760258393 5.181129689260342 2.124877173443928 5.179636733646364 2.125489341075003 5.178145233592236 2.126101263286325
 2.119971166206977 5.191616327199593 2.120585942227994 5.190118781764611 2.121200028494699 5.188619049086237 2.121813732396304 5.187119483065661 2.12242714788864 5.185620922838553 2.123040304213864 5.184123665128454 2.123653210641937 5.182627813647063 2.124265870171328 5.18113340374924 2.124878283798551 5.179640446668017 2.125490451871318 5.178148945148578 2.126102374524237
 2.119970264049607 5.191614913757739 2.120585040275937 5.190117368842024 2.121199126538986 5.188617636485983 2.121812830364037 5.187118070718906 2.122426245754399 5.185619510721162 2.123039401968809 5.184122253231874 2.123652308283025 5.182626401968214 2.124264967697523 5.181131992286927 2.124877381209526 5.179639035421691 2.125489549166992 5.178147534117949 2.126101471704613
 2.119970645348835 5.191616196217769 2.120585421605502 5.190118650523779 2.1211995079783 5.188618917565602 2.121813211940791 5.18711935125819 2.122426627478241 5.185620790742027 2.12303978384307 5.184123532742333 2.123652690308837 5.182627680971417 2.12426534987525 5.181133270784343 2.124877763539263 5.179640313414212 2.125489931648735 5.178148811606226 2.126101854338338
 2.119970334815061 5.191615709464267 2.120585111142368 5.190118163949204 2.121199197513873 5.188618431102138 2.12181290144998 5.187118864882126 2.122426316952292 5.185620304445066 2.123039473278945 5.184123046521506 2.123652379705484 5.182627194825685 2.124265039232316 5.181132784713282 2.124877452856632 5.179639827417636 2.125489620926386 5.178148325684034 2.126101543576261
 2.119970466115262 5.191616150895456 2.120585242452985 5.19011860511254 2.121199328862248 5.188618872058252 2.121813032845655 5.187119305652287 2.122426448398586 5.185620745036822 2.123039604777015 5.184123486937629 2.123652511255708 5.182627635067242 2.124265170834824 5.181133224780778 2.124877584511457 5.179640267311377 2.125489752633526 5.178148765404261 2.126101675335712
 2.119970359222049 5.19161598326421 2.120585135584074 5.190118437542955 2.121199221992881 5.188618704526966 2.121812925967194 5.187119138151136 2.122426341508018 5.185620577562931 2.123039497873288 5.184123319490002 2.123652404338469 5.182627467645509 2.124265063903952 5.181133057384799 2.124877477566906 5.179640099941082 2.125489645675289 5.178148598059612 2.12610156836379
 2.119970404436343 5.191616135210957 2.120585180801945 5.190118589397523 2.121199267223744 5.188618856310208 2.121812971214336 5.18711928987039 2.122426386772584 5.185620729220799 2.123039543155673 5.18412347108742 2.123652449638807 5.182627619182846 2.124265109222282 5.181133208862251 2.124877522903243 5.179640251358737 2.125489691029635 5.17814874941755 2.126101613736135
 2.119970367640507 5.191616077480099 2.120585144014466 5.190118531687895 2.121199230436108 5.188618798613798 2.121812934423565 5.187119232184375 2.122426349977641 5.185620671544179 2.123039506356196 5.184123413419851 2.123652412834674 5.182627561524218 2.124265072413447 5.181133151212492 2.124877486089699 5.179640193717844 2.125489654211374 5.178148691785505 2.126101576913163
 2.119970383210609 5.191616129782836 2.120585159585803 5.190118583958914 2.12119924601191 5.188618850860268 2.121812950004968 5.187119284408812 2.122426365565042 5.185620723747493 2.12303952194973 5.184123465602375 2.123652428434385 5.182627613686061 2.124265088019355 5.181133203353712 2.124877501701801 5.179640245838494 2.125489669829672 5.178148743885591 2.126101592537658
 2.119970370544275 5.191616109900629 2.120585146922338 5.190118564084023 2.121199233348392 5.188618830989937 2.121812937340371 5.187119264542059 2.122426352899008 5.185620703883995 2.123039509282133 5.184123445741982 2.123652415765187 5.182627593828754 2.124265075348538 5.181133183499482 2.12487748902936 5.179640225987304 2.125489657155612 5.178148724037467 2.126101579861965
 2.119970375906067 5.191616127904259 2.120585152284556 5.190118582076732 2.121199238712144 5.18861884897419 2.121812942706051 5.187119282518743 2.12242635826675 5.185620721853386 2.123039514651988 5.184123463704224 2.123652421137166 5.182627611783884 2.124265080722645 5.18113320144751 2.124877494405604 5.179640243928261 2.125489662533985 5.17814874197135 2.126101585242476
 2.11997037154588 5.191616121056892 2.120585147925358 5.190118575231891 2.121199234352929 5.188618842130928 2.121812938346458 5.187119275676708 2.122426353906667 5.185620715012493 2.123039510291367 5.18412345686439 2.12365241677599 5.182627604945115 2.124265076360916 5.181133194609809 2.124877490043311 5.179640237091605 2.125489658171133 5.178148735135737 2.126101580879063
 2.119970373392297 5.1916161272541 2.120585149771918 5.190118581425343 2.121199236200016 5.188618848321474 2.121812940194213 5.187119281864649 2.122426355755124 5.185620721197913 2.123039512140555 5.18412346304738 2.123652418625913 5.182627611125641 2.124265078211568 5.181133200787891 2.124877491894699 5.179640243267234 2.125489660023258 5.178148741308949 2.126101582731925
 2.119970371891367 5.191616124895902 2.12058514827133 5.190118579068009 2.121199234699422 5.188618845964671 2.121812938693488 5.187119279508276 2.122426354254234 5.185620718841937 2.123039510639471 5.184123460691754 2.123652417124639 5.182627608770387 2.124265076710104 5.181133198433003 2.124877490393049 5.179640240912728 2.125489658521409 5.178148738954793 2.126101581229884
 2.119970372527209 5.19161612702911 2.120585148907222 5.190118581199929 2.121199235335498 5.188618848095596 2.121812939329796 5.187119281638298 2.122426354890783 5.185620720971092 2.123039511276272 5.184123462820076 2.123652417761694 5.182627610897858 2.12426507734741 5.181133200559639 2.124877491030599 5.179640243038518 2.125489659159217 5.178148741079744 2.126101581867944
 2.119970372010535 5.191616126216958 2.120585148390665 5.190118580388074 2.121199234818938 5.18861884728392 2.121812938813191 5.187119280826769 2.122426354374121 5.185620720159702 2.123039510759545 5.184123462008801 2.123652417244899 5.182627610086721 2.124265076830548 5.181133199748619 2.124877490513676 5.179640242227635 2.125489658642227 5.178148740268978 2.126101581350885
 2.119970372229497 5.191616126951252 2.120585148609643 5.190118581121916 2.121199235037978 5.188618848017428 2.12181293903231 5.187119281559958 2.122426354593322 5.185620720892593 2.123039510978834 5.184123462741411 2.123652417464277 5.182627610819039 2.124265077050014 5.18113320048065 2.124877490733225 5.179640242959367 2.125489658861863 5.178148741000421 2.12610158157061
 2.119970372051639 5.19161612667155 2.120585148431829 5.190118580842319 2.121199234860162 5.188618847737893 2.121812938854482 5.187119281280489 2.122426354415476 5.185620720613165 2.123039510800965 5.18412346246201 2.12365241728638 5.182627610539693 2.124265076872095 5.181133200201345 2.124877490555285 5.179640242680104 2.125489658683904 5.178148740721214 2.126101581392625


# name: <cell-element>
# type: matrix
# rows: 21
# columns: 21
 2.120830190509892 2.120849202637624 2.120832005084121 2.120838717760055 2.120832643836423 2.120835015306708 2.120832869283469 2.120833707365049 2.120832948975918 2.120833245212347 2.120832977170537 2.120833081892609 2.120832987150509 2.120833024172944 2.120832990684065 2.120833003773091 2.120832991935372 2.120832996562995 2.120832992378523 2.12083299401464 2.120832992535475
 5.189452462610322 5.189550691197714 5.189520210958076 5.189554886275068 5.189544121433055 5.189556369094434 5.189552565307792 5.189556892731542 5.189555548265202 5.189557077547962 5.189556602261764 5.189557142758457 5.189556974722872 5.189557165763222 5.189557106351726 5.189557173877938 5.189557152871473 5.189557176740149 5.189557169312644 5.189557177749665 5.189557175123408
 2.121444422606728 2.121463441824915 2.121446244148732 2.121452959326756 2.121446885360223 2.121449257714051 2.121447111675698 2.121447950069407 2.121447191674919 2.121447488021631 2.121447219977925 2.121447324738974 2.121447229996187 2.121447267032404 2.121447233543284 2.121447246637176 2.121447234799367 2.121447239428718 2.121447235244218 2.12144723688094 2.121447235401765
 5.187951555258191 5.18804972398449 5.188019254452867 5.188053908637869 5.188043147577983 5.188055387775363 5.188051585325375 5.188055910111991 5.188054566118207 5.188056094469046 5.188055619349943 5.188056159517283 5.188055991540816 5.188056182464727 5.188056123074142 5.188056190559204 5.188056169560144 5.188056193414266 5.188056185989382 5.188056194421256 5.188056191795933
 2.12205817012887 2.122077197362056 2.122059998706855 2.122066716713869 2.122060642401739 2.122063015754689 2.122060869594214 2.122061708340903 2.122060949903237 2.122061246374682 2.122060978315702 2.122061083120827 2.122060988372644 2.122061025424444 2.122060991933413 2.122061005032806 2.122060993194327 2.122060997825623 2.122060993640879 2.122060995278291 2.122060993799027
 5.1864521305764 5.18655024159085 5.186519781952503 5.186554415765254 5.186543658199438 5.186555891201404 5.186552089986235 5.18655641223064 5.186555068673413 5.186556596125889 5.186556121161154 5.186556661011003 5.186556493089107 5.186556683900819 5.186556624529539 5.18655669197494 5.186556670982693 5.186556694822816 5.186556687400336 5.186556695827268 5.186556693202797
 2.122671591507552 2.122690627078319 2.122673427145124 2.122680148095184 2.122674073331746 2.122676447724159 2.122674301404186 2.122675140518125 2.122674382024079 2.122674678625299 2.122674410546381 2.122674515397371 2.122674420642133 2.122674457710145 2.122674424216613 2.122674437321747 2.122674425482382 2.122674430115703 2.122674425930646 2.122674427568771 2.122674426089404
 5.18495417393181 5.185052228031648 5.185021777994396 5.185056391716721 5.185045637541663 5.185057863447836 5.18505406343096 5.185058383168341 5.185057040034754 5.185058566601313 5.185058091786375 5.185058631323139 5.185058463454225 5.185058654155287 5.185058594802745 5.185058662209023 5.185058641223409 5.185058665049702 5.185058657629576 5.185058666051614 5.185058663427972
 2.1232847399744 2.123303783995091 2.123286582679557 2.123293306612384 2.123287231360766 2.123289606806671 2.123287460314187 2.12328829980033 2.123287541245289 2.123287837978043 2.123287569877558 2.123287674775026 2.123287580012164 2.123287617096595 2.123287583600374 2.123287596711311 2.123287584870992 2.123287589506362 2.123287585320974 2.123287586959823 2.123287585480336
 5.183457681326047 5.183555678836757 5.183525238290729 5.183559832037663 5.183549081214506 5.18356130006553 5.183557501233217 5.18356181847797 5.183560475763159 5.183562001448873 5.183561526782036 5.183562066007491 5.183561898190957 5.183562088781992 5.183562029447964 5.183562096815368 5.183562075836311 5.183562099648841 5.183562092231045 5.183562100648216 5.183562098025393
 2.123897633566292 2.123916686075813 2.12389948334157 2.123906210270929 2.123900134518264 2.123902511022535 2.123900364352978 2.123901204213056 2.12390044559542 2.123900742460309 2.123900474337683 2.123900579281857 2.123900484511164 2.123900521612107 2.123900488113113 2.123900501229881 2.123900489388587 2.123900494026017 2.123900489840278 2.123900491479862 2.123900490000246
 5.181962650783633 5.182060591866011 5.182030160764997 5.182064734593316 5.182053987105745 5.18206619892169 5.18206240126815 5.182066716027339 5.182065373729283 5.182066898536683 5.182066424017198 5.182066962932244 5.182066795167829 5.182066985649146 5.182066926333555 5.182066993662173 5.18206697268964 5.182066996488477 5.182066989072969 5.1820669974853 5.182066994863302
 2.124510278445712 2.12452933945735 2.124512135291769 2.124518865222337 2.124512788964167 2.124515166528462 2.124513019680255 2.124513859914853 2.124513101234054 2.124513398231288 2.124513130086334 2.124513235077275 2.124513140298682 2.124513177416157 2.124513143914371 2.124513157036984 2.1245131451947 2.124513149834199 2.124513145648106 2.12451314728842 2.124513145808686
 5.180469080580788 5.180566965338033 5.18053654365805 5.180571097604221 5.180560353443743 5.1805725582375 5.180568761759742 5.180573074037941 5.180571732155567 5.180573256086237 5.180572781713741 5.180573320318955 5.180573152606522 5.18057334297833 5.18057328368112 5.180573350971034 5.180573330004992 5.180573353790169 5.180573346376958 5.180573354784457 5.180573352163254
 2.125122676740959 2.125141746259032 2.125124540657745 2.125131273591065 2.125125196825848 2.125127575450705 2.125125428423305 2.125126269032608 2.125125510288458 2.125125807418111 2.125125539250754 2.12512564428849 2.12512554950198 2.125125586635991 2.125125553131402 2.125125566259862 2.125125554416584 2.125125559058149 2.125125554871706 2.125125556512754 2.125125555032894
 5.178976968960213 5.179074797475444 5.179044385200216 5.179078919293565 5.179068178454462 5.179080376236371 5.179076580932386 5.179080890733252 5.179079549265835 5.179081072321075 5.17908059809533 5.179081136391149 5.179080968730609 5.179081158993064 5.179081099714219 5.179081166965488 5.179081146005946 5.179081169777443 5.17908116236654 5.179081170769209 5.179081168148824
 2.125734829201972 2.125753907227656 2.125736700189207 2.125743436125694 2.125737358852912 2.125739738538477 2.125737591331708 2.125738432315767 2.125737673508201 2.125737970770285 2.125737702580493 2.125737807665045 2.125737712870607 2.125737750021158 2.125737716513765 2.125737729648068 2.125737717803803 2.125737722447429 2.125737718260639 2.125737719902412 2.125737718422428
 5.177486314121582 5.177584086470746 5.177553683586793 5.177588197854158 5.177577460331638 5.177589651111177 5.177585856979274 5.177590164306152 5.1775888232531 5.177590345434116 5.177589871354872 5.177590409341725 5.177590241733004 5.177590431886249 5.177590372625733 5.177590439838402 5.177590418885347 5.177590442643204 5.177590435234595 5.177590443632444 5.177590441012876
 2.126346736105625 2.126365822639019 2.12634861416295 2.126355353102641 2.126349275322139 2.126351656068425 2.12634950868222 2.126350350041053 2.126349591170046 2.126349888564564 2.126349620352345 2.126349725483699 2.126349630681326 2.126349667848422 2.126349634338223 2.126349647478369 2.126349635633107 2.126349640278808 2.126349636091669 2.126349637734168 2.126349636254062
 5.175997114242469 5.176094830499012 5.176064436993784 5.176098931461053 5.176088197250705 5.176100381037045 5.176096588075628 5.176100892931767 5.176099552292523 5.176101073600432 5.176100599667532 5.176101137345816 5.176100969788829 5.176101159833034 5.176101100590835 5.176101167764967 5.176101146818361 5.176101170562588 5.176101163156265 5.176101171549307 5.176101168930546
 2.126958397565902 2.126977492606712 2.126960282692935 2.126967024635722 2.12696094634746 2.126963328154435 2.126961180588789 2.12696202232237 2.126961263387932 2.126961560914869 2.126961292680219 2.126961397858381 2.126961303048069 2.126961340231701 2.126961306718693 2.126961319864696 2.126961308018442 2.126961312666209 2.126961308478717 2.126961310121947 2.126961308641714





