# Created by Octave 3.8.1, Mon Jul 04 15:27:17 2016 PDT <adrian@adrian-270E5J>
# name: res
# type: cell
# rows: 11
# columns: 1
# name: <cell-element>
# type: matrix
# rows: 20
# columns: 20
 1 1 1 1 1 1 1 1 1 1 1 1 1 1 1 1 1 1 1 1
 2 1.888888888888889 1.888888888888889 1.883116883116883 1.883116883116883 1.882800608828006 1.882800608828006 1.88278322925959 1.88278322925959 1.882782274086622 1.882782274086622 1.88278222159031 1.88278222159031 1.882782218705111 1.882782218705111 1.882782218546541 1.882782218546541 1.882782218537826 1.882782218537826 1.882782218537347
 1 1 1 1 1 1 1 1 1 1 1 1 1 1 1 1 1 1 1 1
 2 1.888888888888889 1.888888888888889 1.883116883116883 1.883116883116883 1.882800608828006 1.882800608828006 1.88278322925959 1.88278322925959 1.882782274086622 1.882782274086622 1.88278222159031 1.88278222159031 1.882782218705111 1.882782218705111 1.882782218546541 1.882782218546541 1.882782218537826 1.882782218537826 1.882782218537347
 1 1 1 1 1 1 1 1 1 1 1 1 1 1 1 1 1 1 1 1
 2 1.888888888888889 1.888888888888889 1.883116883116883 1.883116883116883 1.882800608828006 1.882800608828006 1.88278322925959 1.88278322925959 1.882782274086622 1.882782274086622 1.88278222159031 1.88278222159031 1.882782218705111 1.882782218705111 1.882782218546541 1.882782218546541 1.882782218537826 1.882782218537826 1.882782218537347
 1 1 1 1 1 1 1 1 1 1 1 1 1 1 1 1 1 1 1 1
 2 1.888888888888889 1.888888888888889 1.883116883116883 1.883116883116883 1.882800608828006 1.882800608828006 1.88278322925959 1.88278322925959 1.882782274086622 1.882782274086622 1.88278222159031 1.88278222159031 1.882782218705111 1.882782218705111 1.882782218546541 1.882782218546541 1.882782218537826 1.882782218537826 1.882782218537347
 1 1 1 1 1 1 1 1 1 1 1 1 1 1 1 1 1 1 1 1
 2 1.888888888888889 1.888888888888889 1.883116883116883 1.883116883116883 1.882800608828006 1.882800608828006 1.88278322925959 1.88278322925959 1.882782274086622 1.882782274086622 1.88278222159031 1.88278222159031 1.882782218705111 1.882782218705111 1.882782218546541 1.882782218546541 1.882782218537826 1.882782218537826 1.882782218537347
 1 1 1 1 1 1 1 1 1 1 1 1 1 1 1 1 1 1 1 1
 2 1.888888888888889 1.888888888888889 1.883116883116883 1.883116883116883 1.882800608828006 1.882800608828006 1.88278322925959 1.88278322925959 1.882782274086622 1.882782274086622 1.88278222159031 1.88278222159031 1.882782218705111 1.882782218705111 1.882782218546541 1.882782218546541 1.882782218537826 1.882782218537826 1.882782218537347
 1 1 1 1 1 1 1 1 1 1 1 1 1 1 1 1 1 1 1 1
 2 1.888888888888889 1.888888888888889 1.883116883116883 1.883116883116883 1.882800608828006 1.882800608828006 1.88278322925959 1.88278322925959 1.882782274086622 1.882782274086622 1.88278222159031 1.88278222159031 1.882782218705111 1.882782218705111 1.882782218546541 1.882782218546541 1.882782218537826 1.882782218537826 1.882782218537347
 1 1 1 1 1 1 1 1 1 1 1 1 1 1 1 1 1 1 1 1
 2 1.888888888888889 1.888888888888889 1.883116883116883 1.883116883116883 1.882800608828006 1.882800608828006 1.88278322925959 1.88278322925959 1.882782274086622 1.882782274086622 1.88278222159031 1.88278222159031 1.882782218705111 1.882782218705111 1.882782218546541 1.882782218546541 1.882782218537826 1.882782218537826 1.882782218537347
 1 1 1 1 1 1 1 1 1 1 1 1 1 1 1 1 1 1 1 1
 2 1.888888888888889 1.888888888888889 1.883116883116883 1.883116883116883 1.882800608828006 1.882800608828006 1.88278322925959 1.88278322925959 1.882782274086622 1.882782274086622 1.88278222159031 1.88278222159031 1.882782218705111 1.882782218705111 1.882782218546541 1.882782218546541 1.882782218537826 1.882782218537826 1.882782218537347
 1 1 1 1 1 1 1 1 1 1 1 1 1 1 1 1 1 1 1 1
 2 1.888888888888889 1.888888888888889 1.883116883116883 1.883116883116883 1.882800608828006 1.882800608828006 1.88278322925959 1.88278322925959 1.882782274086622 1.882782274086622 1.88278222159031 1.88278222159031 1.882782218705111 1.882782218705111 1.882782218546541 1.882782218546541 1.882782218537826 1.882782218537826 1.882782218537347


# name: <cell-element>
# type: matrix
# rows: 20
# columns: 20
 2 1.888888888888889 1.871794871794872 1.863905325443787 1.861833105335157 1.861119898766213 1.860905831565084 1.860837042427525 1.860815682651771 1.860808935172736 1.860806821977506 1.860806157289279 1.860805948670627 1.860805883122298 1.860805862538162 1.860805856072353 1.860805854041619 1.860805853403776 1.86080585320344 1.860805853140517
 1 1 1 1 1 1 1 1 1 1 1 1 1 1 1 1 1 1 1 1
 2 1.871794871794872 1.852941176470588 1.844173441734417 1.841891045710708 1.841103228608658 1.84086723589486 1.840791338491206 1.840767782580425 1.840760339727848 1.840758009021466 1.840757275875904 1.840757045777858 1.840756973479643 1.840756950776003 1.840756943644399 1.84075694140456 1.840756940701038 1.840756940480073 1.840756940410671
 1 1 1 1 1 1 1 1 1 1 1 1 1 1 1 1 1 1 1 1
 2 1.870870870870871 1.851928374655647 1.843115482233503 1.840822460049846 1.840030846411986 1.839793742503469 1.8397174842115 1.839693816910842 1.839686338772053 1.839683997030879 1.839683260411926 1.839683029224122 1.839682956583441 1.839682933772267 1.839682926606883 1.839682924356435 1.839682923649581 1.83968292342757 1.839682923357838
 1 1 1 1 1 1 1 1 1 1 1 1 1 1 1 1 1 1 1 1
 2 1.87082013375572 1.851872780109784 1.843057414844564 1.840763811323997 1.839971989908421 1.839734825200014 1.839658547159767 1.839634873764046 1.839627393694405 1.839625051349419 1.839624314540405 1.83962408329297 1.83962401063355 1.839623987816492 1.839623980649259 1.83962397839823 1.839623977691194 1.839623977469125 1.839623977399376
 1 1 1 1 1 1 1 1 1 1 1 1 1 1 1 1 1 1 1 1
 2 1.870817345381029 1.851869724840089 1.843054223694534 1.84076058823174 1.839968755399346 1.839731587350192 1.839655308224839 1.839631634494214 1.839624154318479 1.839621811940316 1.839621075120858 1.839620843870147 1.839620771209697 1.839620748392315 1.839620741224982 1.839620738973921 1.839620738266874 1.839620738044803 1.839620737975053
 1 1 1 1 1 1 1 1 1 1 1 1 1 1 1 1 1 1 1 1
 2 1.870817192132283 1.851869556922995 1.843054048309534 1.840760411091218 1.839968577631363 1.839731409398605 1.839655130213615 1.839631456464585 1.839623976283019 1.839621633903032 1.839620897083 1.839620665832109 1.839620593171603 1.839620570354203 1.839620563186863 1.839620560935801 1.839620560228754 1.839620560006682 1.839620559936932
 1 1 1 1 1 1 1 1 1 1 1 1 1 1 1 1 1 1 1 1
 2 1.870817183709728 1.851869547694268 1.843054038670371 1.840760401355571 1.839968567861231 1.839731399618382 1.839655120430114 1.839631446680072 1.839623966498186 1.839621624118099 1.839620887298036 1.839620656047135 1.839620583386625 1.839620560569225 1.839620553401885 1.839620551150822 1.839620550443775 1.839620550221703 1.839620550151953
 1 1 1 1 1 1 1 1 1 1 1 1 1 1 1 1 1 1 1 1
 2 1.870817183246824 1.851869547187057 1.843054038140602 1.8407604008205 1.839968567324265 1.839731399080861 1.839655119892413 1.839631446142315 1.839623965960411 1.839621623580319 1.839620886760254 1.839620655509352 1.839620582848843 1.839620560031442 1.839620552864102 1.83962055061304 1.839620549905993 1.839620549683921 1.839620549614171
 1 1 1 1 1 1 1 1 1 1 1 1 1 1 1 1 1 1 1 1
 2 1.870817183221383 1.85186954715918 1.843054038111486 1.840760400791092 1.839968567294753 1.839731399051318 1.839655119862861 1.83963144611276 1.839623965930855 1.839621623550763 1.839620886730697 1.839620655479796 1.839620582819286 1.839620560001885 1.839620552834546 1.839620550583483 1.839620549876436 1.839620549654365 1.839620549584614
 1 1 1 1 1 1 1 1 1 1 1 1 1 1 1 1 1 1 1 1
 2 1.870817183219985 1.851869547157648 1.843054038109886 1.840760400789476 1.839968567293131 1.839731399049695 1.839655119861237 1.839631446111136 1.839623965929231 1.839621623549138 1.839620886729073 1.839620655478172 1.839620582817662 1.839620560000261 1.839620552832921 1.839620550581859 1.839620549874811 1.83962054965274 1.839620549582989
 1 1 1 1 1 1 1 1 1 1 1 1 1 1 1 1 1 1 1 1


# name: <cell-element>
# type: matrix
# rows: 20
# columns: 20
 1 1 1 1 1 1 1 1 1 1 1 1 1 1 1 1 1 1 1 1
 2 1.863905325443787 1.842245989304813 1.828643781654474 1.825469888761028 1.823740812797233 1.823315778800597 1.82308825220447 1.823031934700246 1.823001855849638 1.82299440394303 1.822990425111931 1.822989439255798 1.822988912893664 1.822988782472075 1.822988712838553 1.82298869558478 1.822988686372806 1.822988684090265 1.822988682871593
 1 1 1 1 1 1 1 1 1 1 1 1 1 1 1 1 1 1 1 1
 2 1.859217171717172 1.836961160904823 1.82302022754115 1.819773443442356 1.818005188782128 1.817570652165046 1.817338047654886 1.817280475596538 1.817249726852421 1.817242109023758 1.817238041603877 1.817237033798353 1.817236495717185 1.817236362391875 1.817236291208027 1.817236273570114 1.817236264153044 1.817236261819685 1.817236260573879
 1 1 1 1 1 1 1 1 1 1 1 1 1 1 1 1 1 1 1 1
 2 1.858700790060099 1.836382307077929 1.822405474332672 1.819151006277709 1.817378613698433 1.816943073988006 1.816709933320057 1.816652228806406 1.816621409332878 1.816613773985795 1.816609697212473 1.816608687089475 1.81660814777098 1.816608014139089 1.816607942791552 1.816607925113081 1.816607915674357 1.816607913335632 1.816607912086962
 1 1 1 1 1 1 1 1 1 1 1 1 1 1 1 1 1 1 1 1
 2 1.858648493409003 1.836323735805032 1.822343285666847 1.819088043765099 1.817315234253724 1.816879593474772 1.816646398781733 1.816588680921438 1.816557854320915 1.816550217208601 1.816546139492785 1.816545129136269 1.816544589693096 1.816544456030312 1.816544384666282 1.816544366983723 1.816544357542817 1.816544355203551 1.816544353954593
 1 1 1 1 1 1 1 1 1 1 1 1 1 1 1 1 1 1 1 1
 2 1.858643300369349 1.836317920714684 1.822337111656573 1.81908179297714 1.817308942094397 1.816873291286531 1.816640091232555 1.816582372047864 1.816551544740122 1.816543907452643 1.816539829643303 1.816538819263614 1.816538279808069 1.816538146142219 1.816538074776553 1.816538057093589 1.816538047652466 1.816538045313147 1.816538044064159
 1 1 1 1 1 1 1 1 1 1 1 1 1 1 1 1 1 1 1 1
 2 1.858642787225995 1.836317346126765 1.8223365016079 1.819081175342974 1.817308320372687 1.816872668573947 1.8166394679903 1.816581748674756 1.816550921297139 1.816543283992353 1.816539206173773 1.816538195791795 1.816537656335027 1.816537522668874 1.816537451303046 1.816537433620042 1.816537424178898 1.816537421839574 1.816537420590583
 1 1 1 1 1 1 1 1 1 1 1 1 1 1 1 1 1 1 1 1
 2 1.858642736582945 1.836317289420173 1.82233644140174 1.819081114388214 1.81730825901453 1.816872607118002 1.816639406482081 1.816581687153623 1.816550859769111 1.816543222462617 1.816539144643125 1.816538134260921 1.816537594804033 1.81653746113785 1.816537389772005 1.816537372088997 1.816537362647851 1.816537360308526 1.816537359059536
 1 1 1 1 1 1 1 1 1 1 1 1 1 1 1 1 1 1 1 1
 2 1.858642731586444 1.836317283825448 1.822336435461747 1.819081108374363 1.81730825296088 1.816872601054704 1.816639400413626 1.816581681083894 1.816550853698702 1.816543216392039 1.816539138572457 1.81653812819023 1.816537588733331 1.816537455067145 1.816537383701299 1.816537366018291 1.816537356577145 1.816537354237819 1.816537352988829
 1 1 1 1 1 1 1 1 1 1 1 1 1 1 1 1 1 1 1 1
 2 1.858642731093521 1.83631728327351 1.822336434875747 1.819081107781077 1.817308252363667 1.81687260045654 1.816639399814953 1.816581680485095 1.816550853099836 1.816543215793156 1.816539137973565 1.816538127591337 1.816537588134436 1.81653745446825 1.816537383102404 1.816537365419395 1.816537355978249 1.816537353638924 1.816537352389934
 1 1 1 1 1 1 1 1 1 1 1 1 1 1 1 1 1 1 1 1
 2 1.858642731044894 1.83631728321906 1.822336434817937 1.819081107722548 1.817308252304751 1.816872600397531 1.816639399755894 1.816581680426024 1.816550853040758 1.816543215734076 1.816539137914484 1.816538127532255 1.816537588075354 1.816537454409169 1.816537383043322 1.816537365360314 1.816537355919168 1.816537353579842 1.816537352330852


# name: <cell-element>
# type: matrix
# rows: 20
# columns: 20
 2 1.883116883116883 1.861833105335157 1.848933143669986 1.84495895103656 1.843114989425099 1.842458877182346 1.842180536118838 1.842075644144635 1.842032822287618 1.842016264496667 1.842009621744851 1.842007022688559 1.842005988323648 1.842005581403682 1.842005420057928 1.842005356424372 1.842005331236501 1.842005321291034 1.842005317357462
 1 1 1 1 1 1 1 1 1 1 1 1 1 1 1 1 1 1 1 1
 2 1.858032378580324 1.832458050467529 1.817378109124497 1.812751858275689 1.810622795979556 1.809864678835561 1.809543903360634 1.809422907692853 1.809373560221654 1.80935446907407 1.809346813173421 1.809343816928089 1.809342624713641 1.809342155637745 1.809341969662712 1.809341896311347 1.809341867278046 1.8093418558139 1.809341851279751
 1 1 1 1 1 1 1 1 1 1 1 1 1 1 1 1 1 1 1 1
 2 1.855140606750322 1.829114137862199 1.813814256028071 1.80912519096098 1.806968733445591 1.806200960047913 1.805876154714035 1.805753637485131 1.805703672037405 1.805684341464282 1.805676589698535 1.805673555903792 1.805672348758122 1.805671873805138 1.805671685500692 1.805671611230394 1.805671581833416 1.805671570225657 1.805671565634711
 1 1 1 1 1 1 1 1 1 1 1 1 1 1 1 1 1 1 1 1
 2 1.854765365164372 1.828681201192847 1.813353383356312 1.808656412383542 1.806496503980205 1.805727518241075 1.80540220639166 1.805279498154196 1.805229455078508 1.805210094445257 1.805202330639663 1.805199292130122 1.805198083109365 1.805197607418406 1.805197418821439 1.805197344435749 1.805197314993102 1.805197303367309 1.805197298769231
 1 1 1 1 1 1 1 1 1 1 1 1 1 1 1 1 1 1 1 1
 2 1.854715850724191 1.828624092407554 1.813292599362383 1.808594589692138 1.806434227827764 1.805665082860635 1.805339704473963 1.805216971149819 1.805166917877598 1.805147553296225 1.80513978790923 1.805136748780434 1.805135539513393 1.805135063725504 1.805134875090116 1.80513480068927 1.805134771240625 1.805134759612463 1.805134755013447
 1 1 1 1 1 1 1 1 1 1 1 1 1 1 1 1 1 1 1 1
 2 1.854709302554753 1.828616540240616 1.813284561353677 1.808586414398381 1.806425992598449 1.805656826587005 1.805331439406242 1.805208702766528 1.805158648146669 1.805139283043493 1.80513151744749 1.805128478236852 1.805127268937259 1.80512679313656 1.805126604496093 1.805126530093244 1.805126500643807 1.805126489015331 1.805126484416192
 1 1 1 1 1 1 1 1 1 1 1 1 1 1 1 1 1 1 1 1
 2 1.854708436320983 1.828615541197584 1.813283498043831 1.808585332929 1.806424903201 1.805655734405912 1.805330346061903 1.805207608983621 1.805157554185503 1.805138189013304 1.805130423389655 1.80512738416819 1.805126174864292 1.805125699061898 1.805125510420761 1.805125436017646 1.805125406568105 1.805125394939587 1.805125390340432
 1 1 1 1 1 1 1 1 1 1 1 1 1 1 1 1 1 1 1 1
 2 1.854708321725631 1.828615409032802 1.813283357377158 1.80858518986 1.806424759083195 1.805655589919858 1.805330201421963 1.805207464285663 1.805157409463963 1.805138044282633 1.805130278655326 1.805127239432429 1.805126030127962 1.805125554325343 1.805125365684117 1.805125291280968 1.805125261831412 1.805125250202889 1.805125245603732
 1 1 1 1 1 1 1 1 1 1 1 1 1 1 1 1 1 1 1 1
 2 1.854708306565566 1.828615391548441 1.813283338768064 1.808585170933098 1.806424740017544 1.805655570805491 1.805330182287238 1.805207445143262 1.805157390318442 1.805138025135905 1.805130259508115 1.805127220285028 1.805126010980486 1.805125535177837 1.805125346536599 1.805125272133445 1.805125242683887 1.805125231055364 1.805125226456207
 1 1 1 1 1 1 1 1 1 1 1 1 1 1 1 1 1 1 1 1
 2 1.854708304560007 1.828615389235395 1.813283336306226 1.808585168429216 1.806424737495306 1.805655568276808 1.805330179755863 1.805207442610871 1.805157387785638 1.805138022602941 1.805130256975086 1.805127217751975 1.805126008447423 1.80512553264477 1.805125344003531 1.805125269600377 1.805125240150819 1.805125228522295 1.805125223923137
 1 1 1 1 1 1 1 1 1 1 1 1 1 1 1 1 1 1 1 1


# name: <cell-element>
# type: matrix
# rows: 20
# columns: 20
 1 1 1 1 1 1 1 1 1 1 1 1 1 1 1 1 1 1 1 1
 2 1.861119898766213 1.835561841090255 1.819683673592728 1.814787783826231 1.81227196608483 1.81141079287318 1.810984411826483 1.810834869989649 1.810761480811286 1.810735584390248 1.810722903870885 1.810718422355195 1.810716229190702 1.810715453773095 1.810715074356135 1.810714940194869 1.810714874551439 1.810714851339381 1.810714839982127
 1 1 1 1 1 1 1 1 1 1 1 1 1 1 1 1 1 1 1 1
 2 1.85402412767848 1.82715427868142 1.810616993038887 1.805535019944044 1.802929223241113 1.80203810503326 1.801597087501047 1.801442443173444 1.801366555881693 1.801339778977031 1.801326667499212 1.801322033707373 1.801319766027357 1.801318964264969 1.80131857195749 1.801318433238186 1.801318365364571 1.801318341363902 1.801318329620795
 1 1 1 1 1 1 1 1 1 1 1 1 1 1 1 1 1 1 1 1
 2 1.852835263315024 1.825763956717681 1.809126195084826 1.804016635214135 1.801397514641855 1.800501994621787 1.800058825319136 1.799903432134934 1.799827178161641 1.799800272067593 1.799787097353543 1.799782441219703 1.79978016260654 1.799779356978853 1.79977896278007 1.799778823392013 1.799778755191186 1.799778731074811 1.799778719275091
 1 1 1 1 1 1 1 1 1 1 1 1 1 1 1 1 1 1 1 1
 2 1.852645214140237 1.825542317020935 1.808888805922653 1.803774945093935 1.801153746733473 1.800257541166316 1.799814036695914 1.799658526901956 1.799582215827198 1.799555289616558 1.799542105055588 1.799537445442791 1.79953516512718 1.799534358897612 1.799533964404326 1.799533824912135 1.799533756660355 1.799533732525964 1.799533720717429
 1 1 1 1 1 1 1 1 1 1 1 1 1 1 1 1 1 1 1 1
 2 1.852615222735993 1.825507365396089 1.808851379981145 1.803736844104284 1.801115319525578 1.800219006342961 1.799775449253944 1.79961992115383 1.799543601114711 1.799516671745995 1.799503485639162 1.799498825480208 1.799496544897329 1.799495738573273 1.799495344033754 1.799495204525214 1.799495136265435 1.799495112128217 1.799495100318297
 1 1 1 1 1 1 1 1 1 1 1 1 1 1 1 1 1 1 1 1
 2 1.852610515465574 1.825501880917889 1.808845507650695 1.803730865978859 1.801109290265088 1.800212960213592 1.799769394876134 1.799613863906361 1.79953754246198 1.799510612598201 1.799497426249037 1.799492766004466 1.799490485379691 1.799489679040822 1.799489284494055 1.799489144982953 1.79948907672192 1.799489052584258 1.799489040774122
 1 1 1 1 1 1 1 1 1 1 1 1 1 1 1 1 1 1 1 1
 2 1.852609778493517 1.82550102234912 1.808844588388373 1.803729930161798 1.801108346445705 1.800212013754297 1.799768447125961 1.799612915707084 1.799536594042779 1.799509664101522 1.799496477714433 1.799491817456463 1.799489536825131 1.799488730483943 1.799488335936042 1.799488196424538 1.79948812816331 1.799488104025578 1.799488092215408
 1 1 1 1 1 1 1 1 1 1 1 1 1 1 1 1 1 1 1 1
 2 1.852609663247813 1.825500888094171 1.80884444464422 1.80372978382941 1.801108198862147 1.800211865757982 1.799768298927813 1.799612767438718 1.799536445740027 1.799509515786655 1.799496329393637 1.799491669133572 1.799489388501215 1.799488582159665 1.799488187611586 1.799488048100019 1.79948797983876 1.799487955701017 1.799487943890842
 1 1 1 1 1 1 1 1 1 1 1 1 1 1 1 1 1 1 1 1
 2 1.85260964523579 1.825500867111553 1.808844422178645 1.803729760959351 1.801108175796554 1.800211842627883 1.799768275766172 1.799612744266102 1.799536422562037 1.799509492606773 1.799496306212827 1.799491645952434 1.799489365319917 1.79948855897831 1.799488164430204 1.799488024918628 1.799487956657364 1.799487932519619 1.799487920709443
 1 1 1 1 1 1 1 1 1 1 1 1 1 1 1 1 1 1 1 1
 2 1.852609642421356 1.825500863832984 1.808844418668369 1.803729757385875 1.801108172192527 1.800211839013777 1.799768272147136 1.799612740645352 1.799536418940448 1.799509488984887 1.799496302590797 1.799491642330352 1.79948936169781 1.799488555356196 1.799488160808085 1.799488021296507 1.799487953035242 1.799487928897498 1.799487917087322


# name: <cell-element>
# type: matrix
# rows: 20
# columns: 20
 2 1.882800608828006 1.860905831565084 1.846997974932954 1.842458877182346 1.840156985495183 1.83929131246055 1.838883133968662 1.838720441448932 1.838646489561637 1.838616087753108 1.838602562854326 1.838596902139073 1.838594416710226 1.838593365274301 1.838592907330652 1.838592712348725 1.838592627844515 1.838592591723622 1.838592576116221
 1 1 1 1 1 1 1 1 1 1 1 1 1 1 1 1 1 1 1 1
 2 1.856243252968694 1.829201625418438 1.812553621058689 1.80714095882042 1.804429392981199 1.803408806636648 1.802929894994188 1.802738669000724 1.802651944835024 1.80261624269519 1.802600379691131 1.802593734346653 1.802590818750921 1.802589584639809 1.802589047372784 1.802588818537539 1.802588719388305 1.802588676998513 1.802588658685418
 1 1 1 1 1 1 1 1 1 1 1 1 1 1 1 1 1 1 1 1
 2 1.852544184761653 1.824826689097532 1.807847374479062 1.802335853677855 1.799579089639803 1.798541852257194 1.798055366127643 1.797861111513095 1.797773030109585 1.797736766724882 1.797720655772612 1.797713906193955 1.797710945010903 1.797709691559543 1.797709145888513 1.797708913468706 1.79770881276811 1.797708769714479 1.797708751114789
 1 1 1 1 1 1 1 1 1 1 1 1 1 1 1 1 1 1 1 1
 2 1.851932219748171 1.824105374668157 1.807073306473695 1.801546389465265 1.798782609997251 1.797742815642751 1.797255164710306 1.797060446514742 1.796972156964746 1.796935807705455 1.796919658761606 1.79691289323228 1.796909925066737 1.796908668655323 1.796908121697312 1.796907888728819 1.796907787790674 1.796907744635422 1.796907725991851
 1 1 1 1 1 1 1 1 1 1 1 1 1 1 1 1 1 1 1 1
 2 1.851827473844311 1.823981993314108 1.806940963488061 1.801411443836729 1.798646479148487 1.797606253894969 1.797118406585673 1.796923610322749 1.796835285702972 1.796798921983356 1.796782766639812 1.796775998424464 1.796773029082824 1.796771772172927 1.796771224998154 1.796770991937259 1.796770890959106 1.796770847786739 1.796770829135777
 1 1 1 1 1 1 1 1 1 1 1 1 1 1 1 1 1 1 1 1
 2 1.851809401683338 1.823960707672516 1.806918133592268 1.801388165878784 1.798622997178106 1.797582697790736 1.797094816693363 1.796900007001378 1.796811676348358 1.796775310141334 1.796759153696861 1.79675238501947 1.796749415475513 1.796748158479868 1.796747611267807 1.796747378191016 1.796747277205981 1.79674723403067 1.796747215378438
 1 1 1 1 1 1 1 1 1 1 1 1 1 1 1 1 1 1 1 1
 2 1.85180627722527 1.82395702764928 1.806914186632996 1.80138414148177 1.798618937523558 1.797578625325538 1.79709073838939 1.796895926376882 1.796807594681308 1.796771228044464 1.796755071409752 1.796748302652521 1.796745333073603 1.796744076063142 1.796743528844636 1.796743295765099 1.796743194778873 1.796743151603055 1.796743132950601
 1 1 1 1 1 1 1 1 1 1 1 1 1 1 1 1 1 1 1 1
 2 1.851805736751261 1.823956391070584 1.806913503880078 1.801383445334186 1.798618235277435 1.79757792086358 1.797090032917511 1.79689522050363 1.796806888627728 1.79677052191654 1.796754365248923 1.796747596477882 1.796744626892917 1.796743369879893 1.796742822660273 1.796742589580261 1.79674248859383 1.796742445417922 1.796742426765433
 1 1 1 1 1 1 1 1 1 1 1 1 1 1 1 1 1 1 1 1
 2 1.85180564324574 1.823956280938156 1.806913385759207 1.801383324895961 1.798618113784134 1.79757779898693 1.79708991086614 1.796895098382818 1.796806766475719 1.796770399751669 1.796754243078359 1.796747474304929 1.796744504718918 1.79674324770545 1.796742700485638 1.796742467405543 1.796742366419078 1.796742323243155 1.796742304590659
 1 1 1 1 1 1 1 1 1 1 1 1 1 1 1 1 1 1 1 1
 2 1.851805627068064 1.823956261883798 1.806913365322742 1.801383304058565 1.798618092764196 1.797577777900667 1.797089889749648 1.796895077254313 1.796806745341816 1.79677037861554 1.796754221941245 1.796747453167402 1.79674448358121 1.796743226567665 1.796742679347819 1.79674244626771 1.796742345281238 1.796742302105313 1.796742283452816
 1 1 1 1 1 1 1 1 1 1 1 1 1 1 1 1 1 1 1 1


# name: <cell-element>
# type: matrix
# rows: 20
# columns: 20
 1 1 1 1 1 1 1 1 1 1 1 1 1 1 1 1 1 1 1 1
 2 1.860837042427525 1.834668942148352 1.818285722733074 1.812922005170328 1.810155727177646 1.809118738344835 1.808607695295419 1.808407560993196 1.80831037963998 1.808271696846827 1.808253015130713 1.808245531611693 1.808241925015396 1.808240476673297 1.808239779229933 1.808239498873577 1.808239363912247 1.80823930963978 1.808239283516728
 1 1 1 1 1 1 1 1 1 1 1 1 1 1 1 1 1 1 1 1
 2 1.853183147730477 1.82543011442729 1.808257014846631 1.802651373668406 1.799771198452289 1.798692710971928 1.79816175459838 1.797953868091683 1.797852947967262 1.797812777731016 1.79779337890447 1.797785608054437 1.797781863047677 1.797780359111625 1.797779634901021 1.797779343783796 1.797779203642511 1.797779147286923 1.797779120161216
 1 1 1 1 1 1 1 1 1 1 1 1 1 1 1 1 1 1 1 1
 2 1.851733341589162 1.823705030602088 1.80639801754142 1.80075327795552 1.797854861625389 1.796769859459741 1.796235781724119 1.796026688421914 1.795925186130971 1.79588478482043 1.795865274555225 1.79585745909039 1.795853692588456 1.795852180021229 1.795851451654581 1.795851158866746 1.795851017921257 1.79585096124227 1.795850933960903
 1 1 1 1 1 1 1 1 1 1 1 1 1 1 1 1 1 1 1 1
 2 1.851464147221797 1.823385774876934 1.806054568453545 1.800402853134277 1.797501190681373 1.796415035528372 1.795880405617018 1.795671099237592 1.795569494150405 1.795529052064065 1.795509522132487 1.795501698795933 1.795497928501264 1.795496414411229 1.795495685311309 1.795495392228729 1.795495251141352 1.795495194405309 1.795495167096478
 1 1 1 1 1 1 1 1 1 1 1 1 1 1 1 1 1 1 1 1
 2 1.851414181445066 1.823326562186838 1.805990893467858 1.800337895131316 1.797435635919794 1.796349269053581 1.795814537756945 1.795605192270113 1.795503568315609 1.795463118746266 1.795443585205521 1.79543576042442 1.795431989433738 1.795430475064251 1.795429745829768 1.7954294526931 1.795429311579686 1.795429254833171 1.795429227519302
 1 1 1 1 1 1 1 1 1 1 1 1 1 1 1 1 1 1 1 1
 1.999999999999999 1.851404910208658 1.823315577735737 1.805979082446489 1.800325846599775 1.797423476915741 1.796337070864913 1.795802320802908 1.795592968078183 1.795491340631702 1.795450889677433 1.79543135546871 1.79542353042026 1.795419759300761 1.795418244879556 1.795417515620169 1.79541722247349 1.795417081355257 1.795417024606806 1.795416997292002
 1 1 1 1 1 1 1 1 1 1 1 1 1 1 1 1 1 1 1 1
 2 1.851403191300885 1.823313541418412 1.805976892983185 1.800323613137924 1.797421222987109 1.796334809676803 1.795800056138118 1.795590702072422 1.795489073978973 1.795448622768115 1.795429088435635 1.795421263337652 1.795417492194286 1.795415977763497 1.795415248499497 1.795414955350964 1.795414814231837 1.795414757483026 1.79541473016805
 1 1 1 1 1 1 1 1 1 1 1 1 1 1 1 1 1 1 1 1
 2 1.851402872863202 1.82331316420356 1.805976487407118 1.80032319941418 1.797420805473021 1.796334390818274 1.795799636635694 1.795590282321645 1.795488654108373 1.795448202849995 1.795428668494593 1.795420843387437 1.795417072239651 1.795415557807089 1.795414828542233 1.795414535393357 1.795414394274065 1.795414337525188 1.795414310210179
 1 1 1 1 1 1 1 1 1 1 1 1 1 1 1 1 1 1 1 1
 2 1.851402813906007 1.823313094366952 1.805976412320673 1.800323122819586 1.797420728176791 1.796334313273171 1.795799558971393 1.795590204611369 1.795488576375915 1.795448125108739 1.795428590749094 1.795420765640239 1.795416994491635 1.795415480058745 1.79541475079373 1.795414457644791 1.795414316525469 1.795414259776579 1.795414232461566
 1 1 1 1 1 1 1 1 1 1 1 1 1 1 1 1 1 1 1 1
 1.999999999999999 1.851402802994796 1.823313081442625 1.805976398424885 1.800323108644723 1.797420713872091 1.796334298922415 1.795799544598581 1.795590190230048 1.795488561990488 1.795448110721684 1.795428576361255 1.795420751252085 1.79541698010333 1.795415465670376 1.795414736405334 1.795414443256381 1.795414302137054 1.795414245388162 1.795414218073147


# name: <cell-element>
# type: matrix
# rows: 20
# columns: 20
 2 1.88278322925959 1.860815682651771 1.846742737783662 1.842075644144635 1.839651312888304 1.838720441448932 1.83826484791106 1.83807930567837 1.837991011800678 1.837953889930991 1.837936533488841 1.837929091238543 1.837925654503789 1.837924161704694 1.837923478523066 1.83792317916014 1.837923043047992 1.837922983042934 1.837922955888614
 1 1 1 1 1 1 1 1 1 1 1 1 1 1 1 1 1 1 1 1
 2 1.856006993228916 1.828688109392546 1.811709193713482 1.806092376368759 1.803210953054041 1.802103847069783 1.801564700957152 1.801344710811331 1.801240280734974 1.801196297803459 1.801175764428047 1.801166948383999 1.801162881465745 1.801161113284035 1.801160304669743 1.801159950110084 1.801159788986612 1.801159717922357 1.801159685775524
 1 1 1 1 1 1 1 1 1 1 1 1 1 1 1 1 1 1 1 1
 2 1.852099249808544 1.824024050196422 1.806671140300267 1.800940635731346 1.798006607328773 1.796879895047952 1.796331556720611 1.79610782141213 1.796001640253515 1.795956916009736 1.795936039255121 1.795927075018405 1.795922940074852 1.795921142199766 1.795920320052389 1.795919959541646 1.795919795720297 1.795919723463688 1.795919690778397
 1 1 1 1 1 1 1 1 1 1 1 1 1 1 1 1 1 1 1 1
 2 1.851400546345432 1.823192425528412 1.805775386539904 1.80002596920273 1.79708328056396 1.795953398242161 1.795403575278226 1.795179240214744 1.795072778108773 1.795027935450037 1.795007003729092 1.794998015833115 1.794993870010542 1.794992067394957 1.794991243084273 1.794990881623362 1.794990717370862 1.794990644923859 1.79499061215253
 1 1 1 1 1 1 1 1 1 1 1 1 1 1 1 1 1 1 1 1
 2 1.851269093030419 1.823036010567613 1.805607007925532 1.79985409125208 1.79690980512851 1.795779341305261 1.795229246057705 1.795004801304204 1.79489828777811 1.794853423478841 1.794832481704965 1.79482348948583 1.794819341674155 1.794817538192349 1.794816713486189 1.794816351851649 1.794816187520336 1.79481611503854 1.794816082251483
 1 1 1 1 1 1 1 1 1 1 1 1 1 1 1 1 1 1 1 1
 2 1.851243929550691 1.82300606267976 1.805574771502692 1.799821186686855 1.796876595866031 1.795746021289435 1.795195874190614 1.794971408563591 1.794864885251023 1.794820016834566 1.794799073147738 1.794790080106142 1.794785931915992 1.794784128269391 1.794783303487985 1.794782941820414 1.794782777474105 1.79478270498569 1.794782672195642
 1 1 1 1 1 1 1 1 1 1 1 1 1 1 1 1 1 1 1 1
 2 1.851239079960421 1.823000290076294 1.805568557684541 1.799814844105067 1.796870194586113 1.795739598681338 1.795189441598282 1.794964971952647 1.794858446755939 1.794813577546887 1.794792633491787 1.79478364029186 1.794779492028849 1.794777688350524 1.794776863554633 1.794776501880703 1.794776337531507 1.794776265041817 1.794776232251192
 1 1 1 1 1 1 1 1 1 1 1 1 1 1 1 1 1 1 1 1
 2 1.85123814279749 1.822999174451946 1.805567356773125 1.799813618305444 1.796868957442668 1.79573835741648 1.795188198404183 1.794963727982068 1.794857202421309 1.794812333059114 1.794791388932856 1.794782395702341 1.794778247425251 1.794776443740799 1.794775618942107 1.794775257266947 1.794775092917195 1.794775020427258 1.794774987636525
 1 1 1 1 1 1 1 1 1 1 1 1 1 1 1 1 1 1 1 1
 2 1.851237961498649 1.82299895862091 1.805567124440555 1.799813381157515 1.79686871810007 1.795738117276543 1.795187957891016 1.794963487318687 1.794856961687498 1.794812092295679 1.794791148155656 1.794782154919221 1.794778006639409 1.794776202953769 1.794775378154537 1.79477501647914 1.794774852129279 1.794774779639295 1.794774746848539
 1 1 1 1 1 1 1 1 1 1 1 1 1 1 1 1 1 1 1 1
 2 1.851237926410397 1.82299891684872 1.805567079474492 1.799813335259443 1.796868671777229 1.795738070799382 1.79518791134162 1.794963440740218 1.794856915095398 1.794812045697845 1.794791101555158 1.794782108317579 1.794777960037238 1.79477615635137 1.794775331552032 1.794774969876588 1.794774805526706 1.794774733036713 1.794774700245953
 1 1 1 1 1 1 1 1 1 1 1 1 1 1 1 1 1 1 1 1


# name: <cell-element>
# type: matrix
# rows: 20
# columns: 20
 1 1 1 1 1 1 1 1 1 1 1 1 1 1 1 1 1 1 1 1
 2 1.860808935172736 1.834550669227434 1.818068060809217 1.812598670986136 1.809766510864792 1.808677266857705 1.808138870412408 1.807920027085584 1.807813658075182 1.807769309829159 1.80774791183861 1.807738877965966 1.80773453429898 1.807732688876063 1.807731803083802 1.80773142554924 1.807731244490772 1.807731167196897 1.80773113014428
 1 1 1 1 1 1 1 1 1 1 1 1 1 1 1 1 1 1 1 1
 2 1.85304990892385 1.825130874565803 1.807816622712861 1.802084789142661 1.799129820501638 1.797994392243894 1.797433944537548 1.797206151932366 1.797095479267736 1.797049331552945 1.797027068310263 1.797017668245147 1.797013148728548 1.797011228484181 1.797010306797162 1.797009913951488 1.797009725551898 1.797009645122777 1.797009606567387
 1 1 1 1 1 1 1 1 1 1 1 1 1 1 1 1 1 1 1 1
 2 1.851528122119871 1.823307763467692 1.805847261973226 1.800071797395764 1.797096726686183 1.795953958629648 1.79539002036429 1.79516082901043 1.795049483704004 1.795003056251304 1.794980658418936 1.794971201530883 1.794966654714775 1.794964722868292 1.794963795613797 1.794963400394637 1.794963210856884 1.794963129941814 1.794963091153483
 1 1 1 1 1 1 1 1 1 1 1 1 1 1 1 1 1 1 1 1
 2 1.85123062432074 1.822952358156787 1.80546404313643 1.799680423180473 1.796701617425394 1.795557499779428 1.794992920806569 1.794763473903365 1.794652005717966 1.794605527264195 1.794583104888932 1.794573637648296 1.794569085857674 1.794567151897953 1.794566223629287 1.794565827977862 1.794565638232813 1.794565557229246 1.794565518398494
 1 1 1 1 1 1 1 1 1 1 1 1 1 1 1 1 1 1 1 1
 1.999999999999999 1.851171810097436 1.82288211610144 1.805388330447515 1.79960311333765 1.796623577639998 1.795479197012073 1.79491449327414 1.794684996672783 1.794573504592445 1.794527016226445 1.794504589081007 1.794495119828718 1.794490567071441 1.794488632701118 1.794487704235393 1.794487308499983 1.794487118714658 1.794487037693896 1.794486998854901
 1 1 1 1 1 1 1 1 1 1 1 1 1 1 1 1 1 1 1 1
 2 1.851160100572249 1.82286812989391 1.805373255581387 1.799587720954893 1.796608040248604 1.795463607417277 1.794898878918774 1.794669372457743 1.794557875637065 1.79451138530491 1.794488957213279 1.794479487561985 1.794474934612974 1.79447300016121 1.794472071656402 1.794471675904334 1.794471486111019 1.794471405086847 1.794471366246217
 1 1 1 1 1 1 1 1 1 1 1 1 1 1 1 1 1 1 1 1
 2 1.851157761383523 1.822865335665781 1.805370243849292 1.799584645801215 1.796604936137506 1.795460492883533 1.794895759441854 1.794666251012608 1.794554753245667 1.79450826252104 1.794485834240536 1.794476364509599 1.794471811522317 1.794469877054299 1.794468948541686 1.794468552786294 1.794468362991384 1.794468281966531 1.794468243125575
 1 1 1 1 1 1 1 1 1 1 1 1 1 1 1 1 1 1 1 1
 2.000000000000001 1.851157293442712 1.822864776680823 1.805369641352234 1.79958403061749 1.796604315161602 1.795459869822949 1.794895135392579 1.794665626569679 1.794554128613476 1.794507637810355 1.794485209492073 1.794475739745205 1.794471186750269 1.794469252278998 1.794468323764826 1.794467928008767 1.79446773821354 1.794467657188551 1.79446761834753
 1 1 1 1 1 1 1 1 1 1 1 1 1 1 1 1 1 1 1 1
 2 1.851157199792289 1.822864664809519 1.80536952077312 1.799583907499559 1.796604190884561 1.795459745128734 1.79489501050051 1.794665501598832 1.794554003604755 1.794507512785926 1.794485084460085 1.794475614710029 1.794471061713562 1.794469127241641 1.794468198727155 1.794467802970965 1.794467613175673 1.794467532150656 1.794467493309622
 1 1 1 1 1 1 1 1 1 1 1 1 1 1 1 1 1 1 1 1
 2 1.851157181048714 1.822864642419403 1.805369496640323 1.799583882858685 1.796604166011718 1.795459720172401 1.794894985504581 1.794665476587137 1.794553978585481 1.794507487763507 1.794485059436154 1.79447558968546 1.794471036688683 1.794469102216632 1.794468173702085 1.794467777945869 1.794467588150563 1.794467507125542 1.794467468284504


# name: <cell-element>
# type: matrix
# rows: 20
# columns: 20
 2 1.882782274086622 1.860806821977506 1.846708985190711 1.842016264496667 1.839564098893573 1.838616087753108 1.83814667551557 1.837953889930989 1.83786053601773 1.837820918273108 1.837801979776858 1.837793776567239 1.837789891304442 1.837788185085873 1.837787382848217 1.837787027105353 1.837786860825263 1.837786786566382 1.837786752022115
 1 1 1 1 1 1 1 1 1 1 1 1 1 1 1 1 1 1 1 1
 2 1.855975744708898 1.828607577950379 1.811562671094508 1.805898083159318 1.802973878363594 1.801842485764488 1.801284867294398 1.801055398227192 1.800944515113361 1.800897369047017 1.800874860753208 1.800865096706158 1.800860476585997 1.800858445365242 1.800857491036674 1.800857067492306 1.800856869640586 1.80085678122556 1.80085674011598
 1 1 1 1 1 1 1 1 1 1 1 1 1 1 1 1 1 1 1 1
 2 1.852022477061774 1.823874710093972 1.806442153600218 1.800658649123832 1.797679182038359 1.796527104655125 1.7959596832573 1.795726192590234 1.795613395201202 1.795565430983262 1.795542535049488 1.795532601846114 1.795527902089179 1.795525835681922 1.795524864885051 1.795524434003321 1.795524232734432 1.795524142787769 1.795524100967745
 1 1 1 1 1 1 1 1 1 1 1 1 1 1 1 1 1 1 1 1
 2 1.851298971061474 1.823010114714672 1.805509349743401 1.799705601502152 1.796716871264267 1.795561403496772 1.794992382068361 1.79475824233608 1.794645135809651 1.79459704024614 1.794574081972149 1.794564121662926 1.794559409122398 1.794557337080754 1.79455636364283 1.79455593158649 1.79455572976988 1.794555639578047 1.794555597644185
 1 1 1 1 1 1 1 1 1 1 1 1 1 1 1 1 1 1 1 1
 2 1.851158158624205 1.822841778247165 1.805327821897306 1.799520196522934 1.796529702256924 1.795373594064121 1.794804270873777 1.794570009265116 1.794456844670336 1.794408724494025 1.794385754528478 1.794375789143363 1.79437107420701 1.794369001110513 1.794368027177796 1.794367594901568 1.794367392982367 1.794367302744638 1.794367260789458
 1 1 1 1 1 1 1 1 1 1 1 1 1 1 1 1 1 1 1 1
 2 1.851130041253015 1.822808139508784 1.805291545043467 1.799483146061657 1.796492300652904 1.795336065302281 1.794766682244068 1.79453239648905 1.794419220389616 1.794371095340461 1.794348123059718 1.794338156669901 1.794333441259216 1.794331367953941 1.794330393923275 1.794329961603526 1.794329759664014 1.794329669417203 1.794329627457802
 1 1 1 1 1 1 1 1 1 1 1 1 1 1 1 1 1 1 1 1
 2 1.851124355400089 1.822801333421464 1.805284204378448 1.799475648703404 1.79648473224911 1.79532847119227 1.794759076036355 1.794524785404101 1.794411606981047 1.794363480947911 1.794340508199642 1.79433054160696 1.794325826100496 1.794323752753064 1.794322778702621 1.794322346374084 1.794322144430473 1.794322054181827 1.794322012221572
 1 1 1 1 1 1 1 1 1 1 1 1 1 1 1 1 1 1 1 1
 2 1.851123198180092 1.822799947764473 1.805282709773241 1.799474122165081 1.796483191239882 1.795326924948655 1.794757527329925 1.794523235704926 1.794410056808934 1.794361930575536 1.794338957732116 1.794328991098144 1.794324275572188 1.794322202216177 1.794321228161707 1.794320795831382 1.794320593886939 1.794320503637916 1.79432046167749
 1 1 1 1 1 1 1 1 1 1 1 1 1 1 1 1 1 1 1 1
 2 1.851122961878752 1.822799664768642 1.805282404513592 1.799473810379702 1.796482876498078 1.795326609137591 1.794757211015826 1.79452291918807 1.794409740195487 1.79436161392119 1.794338641058338 1.794328674415935 1.794323958885997 1.794321885528237 1.794320911472945 1.794320479142255 1.794320277197638 1.794320186948541 1.794320144988079
 1 1 1 1 1 1 1 1 1 1 1 1 1 1 1 1 1 1 1 1
 2.000000000000001 1.851122913545699 1.822799606879579 1.805282342068871 1.799473746599654 1.796482812113146 1.795326544533903 1.794757146309233 1.794522854439998 1.794409675427659 1.794361549144994 1.794338576278165 1.794328609634038 1.794323894103288 1.794321820745169 1.794320846689708 1.794320414358945 1.794320212414294 1.794320122165183 1.794320080204715
 1 1 1 1 1 1 1 1 1 1 1 1 1 1 1 1 1 1 1 1


# name: <cell-element>
# type: matrix
# rows: 20
# columns: 20
 1 1 1 1 1 1 1 1 1 1 1 1 1 1 1 1 1 1 1 1
 2 1.860806157289279 1.834535020046818 1.818034121882913 1.81254271182565 1.809694811706156 1.808592022805376 1.80804588370703 1.807821263969964 1.80771189042644 1.807665506734002 1.807643096579897 1.807633427463797 1.80762877486015 1.807626747107324 1.807625773613659 1.807625346792706 1.807625142153087 1.807625052110857 1.80762500897361
 1 1 1 1 1 1 1 1 1 1 1 1 1 1 1 1 1 1 1 1
 2 1.853028966313258 1.825079069744064 1.807734901842688 1.801974536486754 1.799000843829492 1.797850197042914 1.797281229327693 1.797047194026218 1.796933293001397 1.796884976044631 1.796861636104672 1.796851563556576 1.79684671721171 1.796844604701315 1.796843590557289 1.796843145871483 1.796842932671266 1.796842838856948 1.796842793913155
 1 1 1 1 1 1 1 1 1 1 1 1 1 1 1 1 1 1 1 1
 2 1.851489999710278 1.823231036880613 1.805736662913122 1.799931084734524 1.79693663843635 1.795778358182328 1.795205770546164 1.79497026630911 1.794855659333372 1.794807043300884 1.794783559430717 1.794773424690427 1.794768548459625 1.794766422905246 1.794765402502433 1.79476495506977 1.794764740552927 1.79476464615892 1.794764600937457
 1 1 1 1 1 1 1 1 1 1 1 1 1 1 1 1 1 1 1 1
 2.000000000000001 1.851184176787015 1.822864613271807 1.805341135484172 1.79952696238529 1.796528603152807 1.795368903351948 1.794795644536396 1.794559869879676 1.794445132995293 1.794396462122175 1.794372951853431 1.794362805727775 1.794357924024296 1.79435579608385 1.79435477453592 1.794354326600998 1.794354111843378 1.794354017343407 1.794353972071177
 1 1 1 1 1 1 1 1 1 1 1 1 1 1 1 1 1 1 1 1
 1.999999999999999 1.851122283248079 1.822790434386695 1.805261081579865 1.799445181937251 1.796446039480468 1.795286056812853 1.794712664450109 1.794476836114515 1.794362073450892 1.79431339170753 1.794289876206064 1.794279727824921 1.794274845037205 1.794272716624193 1.794271694849452 1.794271246815067 1.794271032009768 1.794270937488812 1.794270892206531
 1 1 1 1 1 1 1 1 1 1 1 1 1 1 1 1 1 1 1 1
 2.000000000000001 1.851109591464967 1.822775214414921 1.805244654680629 1.799428400708241 1.796429097782492 1.795269057244833 1.794695637580691 1.794459798279766 1.794345030351081 1.794296346388371 1.794272829818578 1.794262680977023 1.794257797967982 1.794255669458509 1.794254647637475 1.794254199582788 1.794253984767759 1.79425389024252 1.794253844958187
 1 1 1 1 1 1 1 1 1 1 1 1 1 1 1 1 1 1 1 1
 2 1.851106967925127 1.822772066901599 1.805241257229066 1.799424929890058 1.796425593765718 1.795265541261988 1.79469211595477 1.794456274387977 1.794341505371446 1.794292820950232 1.794269304159737 1.794259155223073 1.794254272168308 1.794252143638905 1.794251121808307 1.794250673749429 1.794250458932388 1.794250364406264 1.794250319121502
 1 1 1 1 1 1 1 1 1 1 1 1 1 1 1 1 1 1 1 1
 2.000000000000001 1.851106423107691 1.822771413103205 1.805240551467259 1.799424208874731 1.796424865851101 1.795264810861154 1.79469138438169 1.794455542344259 1.794340773101786 1.794292088585346 1.794268571749014 1.794258422792596 1.794253539728332 1.794251411194796 1.794250389362209 1.794249941302459 1.794249726485 1.794249631958694 1.794249586673847
 1 1 1 1 1 1 1 1 1 1 1 1 1 1 1 1 1 1 1 1
 2.000000000000001 1.851106309681616 1.822771276968945 1.805240404507777 1.799424058737503 1.796424714276868 1.795264658769138 1.794691232045566 1.794455389910137 1.794340620620617 1.794291936084348 1.794268419238471 1.794258270277938 1.7942533872117 1.794251258677301 1.794250236844303 1.794249788784373 1.794249573966828 1.794249479440481 1.794249434155617
 1 1 1 1 1 1 1 1 1 1 1 1 1 1 1 1 1 1 1 1
 2 1.851106286035629 1.822771248586911 1.805240373868272 1.79942402743531 1.796424682675035 1.795264627059346 1.79469120028488 1.794455358129014 1.794340588829687 1.794291904289284 1.794268387441418 1.794258238480028 1.794253355413378 1.794251226878798 1.794250205045717 1.794249756985747 1.794249542168183 1.794249447641828 1.79424940235696





