# Created by Octave 3.8.1, Wed May 11 16:42:14 2016 PDT <adrian@adrian-270E5J>
# name: conv_rates
# type: matrix
# rows: 21
# columns: 60
 1 0.5627774222552397 0.1242748831126575 0.04757861443048612 0.01817956471850951 0.006944318861614447 0.002652512895394661 0.001013170835923663 0.0003869968822900224 0.0001478196588036435 5.646208564203643e-05 2.156659764985531e-05 8.237707281121309e-06 3.146524192001478e-06 1.201865294951727e-06 4.59071692864285e-07 1.753497834563614e-07 6.697765741847058e-08 2.558318864901952e-08 9.771908437399501e-09 3.732536793693524e-09 1.425702168636832e-09 5.44569792879386e-10 2.080071155601138e-10 7.945161216881311e-11 3.034777931418364e-11 1.159185628859505e-11 4.427753479326014e-12 1.691215272843212e-12 6.460090995350824e-13 2.468564854763574e-13 9.427702503199472e-14 3.593025462400496e-14 1.368999980818885e-14 5.23691153334427e-15 2.001483021243361e-15 8.005932084973443e-16 4.002966042486721e-16 1.110223024625157e-16 1.110223024625157e-16 0 0 0 0 0 0 0 0 0 0 0 0 0 0 0 0 0 0 0 0
 1 0.7774967842321525 0.03447763602457236 0.005917133866683876 0.001015228295597882 0.0001741856812763216 2.988553838469207e-05 5.127547750406766e-06 8.797481106541721e-07 1.50940912915759e-07 2.589736648623753e-08 4.443285702470901e-09 7.623472710293978e-10 1.307980577212906e-10 2.244141231025935e-11 3.850406615833671e-12 6.607498277178267e-13 1.134357573953633e-13 1.941763883216838e-14 3.233971238276625e-15 5.147892387644517e-16 3.33066907387547e-16 0 0 0 0 0 0 0 0 0 0 0 0 0 0 0 0 0 0 0 0 0 0 0 0 0 0 0 0 0 0 0 0 0 0 0 0 0 0
 1 1.310115506063781 0.1049236647188243 0.04447650591252966 0.01917404015682789 0.008276901675227204 0.003573219352636825 0.001542598428420516 0.0006659565068000284 0.0002875006080599534 0.0001241171086966619 5.358269203080434e-05 2.313222496657675e-05 9.986430533018135e-06 4.31124956332699e-06 1.861212846374622e-06 8.035056213915651e-07 3.468820263312557e-07 1.497527049299371e-07 6.464985482098773e-08 2.791003827468698e-08 1.204906395686338e-08 5.201710616152733e-09 2.245634515944736e-09 9.694646286102729e-10 4.185283139007024e-10 1.806831881905833e-10 7.800290577477503e-11 3.367473436767034e-11 1.453771230485863e-11 6.276107033960177e-12 2.709473419251688e-12 1.169612505752726e-12 5.048670051580117e-13 2.179527071477983e-13 9.410564648329879e-14 4.057793012648653e-14 1.74741133423968e-14 7.505099434752803e-15 3.174830224901016e-15 1.324147507406233e-15 6.131407058289218e-16 3.510833468576701e-16 2.077037090527612e-16 0 0 0 0 0 0 0 0 0 0 0 0 0 0 0 0
 1 1.886125352377257 0.07191050422313275 0.02269905706708644 0.00741073605512264 0.002430176365694647 0.0007973624072578514 0.0002616398416229929 8.585305657530283e-05 2.817137958234852e-05 9.244012576031486e-06 3.033283112641607e-06 9.953260432096611e-07 3.266012092007313e-07 1.071692543216471e-07 3.516597228981691e-08 1.153918272104719e-08 3.786408495921781e-09 1.242452704238534e-09 4.076920786540458e-10 1.337779783104101e-10 4.389721952440418e-11 1.440422660221601e-11 4.726502135514886e-12 1.550876112732226e-12 5.088564683919975e-13 1.669388785458805e-13 5.481343214032769e-14 1.806229137189896e-14 5.946951887712872e-15 1.971427560873958e-15 6.690187733356917e-16 2.830524433501838e-16 1.387778780781446e-16 0 0 0 0 0 0 0 0 0 0 0 0 0 0 0 0 0 0 0 0 0 0 0 0 0 0
 1 2.66737050108058 0.09191990053952118 0.03817262196374181 0.01686149850681326 0.007545526605097994 0.003388030362057244 0.001522693969562787 0.0006845312483063436 0.0003077560900797689 0.0001383659806553079 6.220920238632118e-05 2.796924154184342e-05 1.257497002431697e-05 5.653706870710907e-06 2.541906865624339e-06 1.142841454875137e-06 5.138215773003337e-07 2.310142079657712e-07 1.038639999817767e-07 4.669725985707024e-08 2.099509046566147e-08 9.439393770699652e-09 4.243951949579969e-09 1.908081012515917e-09 8.578733637781383e-10 3.856999685577019e-10 1.734107853627202e-10 7.796554005009317e-11 3.505330145906202e-11 1.575993529598736e-11 7.08568336562008e-12 3.185695045800626e-12 1.432194118615242e-12 6.438669077894968e-13 2.894367847466264e-13 1.300661337538038e-13 5.843888165074841e-14 2.625693590151475e-14 1.181624974313985e-14 5.331093978099952e-15 2.349571363587745e-15 1.067778313638764e-15 4.569144405373685e-16 2.095500005536363e-16 2.305551267378102e-16 0 0 0 0 0 0 0 0 0 0 0 0 0 0
 1 3.643006868738503 0.08320278602570691 0.02995916092301398 0.01135453637263969 0.004335258933003939 0.001657400679799675 0.0006338104638700544 0.0002423922221505301 9.270100478635414e-05 3.545289925444658e-05 1.355874350600144e-05 5.185459225759218e-06 1.983147532058733e-06 7.584427935388143e-07 2.900618655298903e-07 1.109324086300467e-07 4.242542969072495e-08 1.622534940452257e-08 6.205286972834923e-09 2.373174550031422e-09 9.076061651428924e-10 3.471084688550019e-10 1.327496337786977e-10 5.076932900323544e-11 1.941641644092549e-11 7.425766996048209e-12 2.840061800853033e-12 1.086156291467146e-12 4.15365149177485e-13 1.588464735466671e-13 6.0718320773315e-14 2.325032732049996e-14 8.967413703290761e-15 3.4554298261176e-15 1.266153263119412e-15 3.915405771733295e-16 2.271891778003035e-16 0 0 0 0 0 0 0 0 0 0 0 0 0 0 0 0 0 0 0 0 0 0
 1 4.893379533210924 0.08827925480587701 0.03480148941518591 0.0150405958043968 0.006708539553896088 0.003036439533936675 0.00138410267835238 0.000633033399881453 0.0002899790630332374 0.0001329303219752762 6.095772846093073e-05 2.795772008296466e-05 1.282349294950686e-05 5.882007223898879e-06 2.698059615228364e-06 1.23760103314553e-06 5.676899885708124e-07 2.604008986155216e-07 1.194466660995618e-07 5.479055892320024e-08 2.513260444948653e-08 1.152840680162823e-08 5.288117575629148e-09 2.425676751308332e-09 1.11266584635102e-09 5.103834080124554e-10 2.341145430988043e-10 1.073891027832009e-10 4.925971150109485e-11 2.259561374341945e-11 1.036468097259194e-11 4.754248194156161e-12 2.180760808368222e-12 1.000408388099245e-12 4.589888010521715e-13 2.105708129615811e-13 9.661446764152375e-14 4.434053757693716e-14 2.033946875167235e-14 9.326327728123857e-15 4.274178409996424e-15 1.971183315372076e-15 9.118245209424725e-16 5.351502431377397e-16 4.888843483876897e-16 0 0 0 0 0 0 0 0 0 0 0 0 0 0
 1 6.480194758696659 0.08666812021441139 0.03233279463035614 0.01298076840167666 0.005290362936325259 0.002166230474126308 0.0008885457770911566 0.0003647099913266268 0.0001497372145389727 6.148320237735302e-05 2.524646964189166e-05 1.03669654819678e-05 4.257016298718356e-06 1.748074810625115e-06 7.178192876228309e-07 2.947612511729761e-07 1.210391098473303e-07 4.970282519503622e-08 2.04096915396554e-08 8.380922224697804e-09 3.441495259259247e-09 1.413196420132019e-09 5.80307081414446e-10 2.382940754370606e-10 9.785179633047283e-11 4.018139714583206e-11 1.649993192063405e-11 6.775427277106503e-12 2.782263572150318e-12 1.142562436833087e-12 4.69230063804261e-13 1.926887209293972e-13 7.906261216607615e-14 3.244118649319452e-14 1.327239731602168e-14 5.368444231506361e-15 2.170487787794628e-15 8.823043032431161e-16 3.99091977369659e-16 3.197919324294505e-16 0 0 0 0 0 0 0 0 0 0 0 0 0 0 0 0 0 0 0
 1 8.500324794800122 0.08814530523417385 0.03364874530761876 0.01418681369599954 0.006203781693689684 0.002773458789054457 0.001257807866333134 0.0005756468659986496 0.0002649320830839298 0.0001223450441689001 5.661318670482862e-05 2.622825597550806e-05 1.215984085593486e-05 5.639836096716856e-06 2.616439373239328e-06 1.213994500616568e-06 5.633249233586479e-07 2.614101203543677e-07 1.213104519649001e-07 5.629648682434956e-08 2.612574041869447e-08 1.212434823964696e-08 5.62664667146229e-09 2.611209694074612e-09 1.211809513910675e-09 5.623765369806531e-10 2.609878078622381e-10 1.211192671761465e-10 5.620902104856133e-11 2.608551298798678e-11 1.210577413409379e-11 5.618103146613907e-12 2.607299181575856e-12 1.210121262105769e-12 5.616100805054983e-13 2.605598258241866e-13 1.210383686233369e-13 5.634548996218514e-14 2.620456263953556e-14 1.213217728318084e-14 5.588524152395922e-15 2.580289067042308e-15 1.305637293441694e-15 7.034341127367158e-16 2.91102932917273e-16 1.984572179657847e-16 0 0 0 0 0 0 0 0 0 0 0 0 0
 1 11.06883536527559 0.08819885114805713 0.03301653216436454 0.0135398045196208 0.005680068636226894 0.002405764453179802 0.001023812151516083 0.000436759350479693 0.0001865532845942391 7.973303977407684e-05 3.408895124749435e-05 1.457673072585621e-05 6.233655703210882e-06 2.665900207432313e-06 1.140129847128571e-06 4.876065079627515e-07 2.085389039990677e-07 8.918789367650997e-08 3.814392246290728e-08 1.631342342203232e-08 6.976940625797017e-09 2.983905260893043e-09 1.276159845484873e-09 5.457895501857092e-10 2.33423985312044e-10 9.983089056419143e-11 4.269567464169011e-11 1.826018677433297e-11 7.809612087951721e-12 3.340006423198788e-12 1.4284828922257e-12 6.109792660706507e-13 2.613172359535849e-13 1.117308845333066e-13 4.763326017467112e-14 2.025111638776521e-14 8.560511468812097e-15 3.673290784892611e-15 1.659048757577974e-15 7.410010979376487e-16 4.293712192572624e-16 2.800598096570984e-16 0 0 0 0 0 0 0 0 0 0 0 0 0 0 0 0 0
 1 14.3359489186263 0.08889131906651163 0.03335057367550871 0.01388885595323754 0.005985811068419298 0.002636732440291921 0.001180639582391058 0.0005352351602419882 0.0002448827571784853 0.0001127868076031453 5.219217517911689e-05 2.42315105656702e-05 1.127560125931111e-05 5.254982511881642e-06 2.451655151820657e-06 1.144606457682542e-06 5.346396162978631e-07 2.498078820316003e-07 1.167468732330143e-07 5.456919818201467e-08 2.550893309609329e-08 1.192519425433465e-08 5.575164728680107e-09 2.606530007964148e-09 1.218642438698496e-09 5.697647493920836e-10 2.663905200105624e-10 1.24550205614327e-10 5.823319551814456e-11 2.722679433147297e-11 1.272994246714651e-11 5.951959524080866e-12 2.782772777159243e-12 1.300995999692991e-12 6.082839081087251e-13 2.844966831488457e-13 1.330514195355464e-13 6.213766870362744e-14 2.893253254016259e-14 1.338903991258718e-14 6.26640997459237e-15 3.056108189398061e-15 1.331978477592457e-15 5.22540637525447e-16 2.589797488478307e-16 1.828303082020894e-16 0 0 0 0 0 0 0 0 0 0 0 0 0
 1 18.4910254096261 0.08929299368195652 0.03321056847096496 0.01370878045069537 0.005817443086416059 0.002502423310908032 0.001085079355426293 0.0004727842252153391 0.0002066026999831572 9.04432040117445e-05 3.963481958546977e-05 1.738017799885836e-05 7.624247065090539e-06 3.34532698668483e-06 1.468044571783002e-06 6.442807638103839e-07 2.827692172565956e-07 1.241085351054711e-07 5.44726694001046e-08 2.39089296680656e-08 1.049407780117268e-08 4.606064485918e-09 2.021700013403619e-09 8.873685600664035e-10 3.894858645067213e-10 1.709539740577983e-10 7.503545974870873e-11 3.293472887217255e-11 1.445581423189999e-11 6.344980773307324e-12 2.78476480693089e-12 1.222129528129657e-12 5.36509851483658e-13 2.356243728639654e-13 1.033437314813635e-13 4.544283882424078e-14 2.006761797475313e-14 8.695407279755373e-15 3.71366334530546e-15 1.58702454985251e-15 6.879747967006605e-16 3.032741200739741e-16 1.252849913068441e-16 0 0 0 0 0 0 0 0 0 0 0 0 0 0 0 0
 1 23.77578809275734 0.08982032544998431 0.0332989391368426 0.01380171159373955 0.005909681658392838 0.002580741582509661 0.001144137135134634 0.0005134839053714004 0.0002327729255476661 0.0001063855872704487 4.89412101504957e-05 2.263118272773012e-05 1.050701845613119e-05 4.893106644179972e-06 2.284021295151181e-06 1.068008745753576e-06 5.00053197089198e-07 2.34357333474515e-07 1.099138323360548e-07 5.157698560579481e-08 2.421189342916936e-08 1.136909587102954e-08 5.339669912365138e-09 2.508244424766266e-09 1.178350298612251e-09 5.536242606981343e-10 2.601252460147535e-10 1.222274843125094e-10 5.743399355471158e-11 2.698866548233131e-11 1.268243974895527e-11 5.95970418235912e-12 2.800664170623501e-12 1.316066175334706e-12 6.183364223818585e-13 2.906637940636509e-13 1.36713647619825e-13 6.443430323983002e-14 3.057331045781091e-14 1.444923536106243e-14 6.904520437940422e-15 3.605398542468925e-15 1.913100365082405e-15 9.485321395968545e-16 4.886288336342768e-16 2.897611391796166e-16 0 0 0 0 0 0 0 0 0 0 0 0 0
 1 30.49734231691115 0.0902880234187394 0.03327830503634209 0.01375559476020731 0.005860673487742602 0.002536911174584643 0.001109517103130975 0.0004886276843177526 0.0002162057287264738 9.59711443775138e-05 4.269211959108378e-05 1.901874906230965e-05 8.480787566610879e-06 3.784172998893257e-06 1.689245792939942e-06 7.542915966581408e-07 3.368748228179385e-07 1.504710406806612e-07 6.721619115619738e-08 3.00275011502708e-08 1.341468993238846e-08 5.993117630401384e-09 2.677515908333536e-09 1.196233674524092e-09 5.344452780717554e-10 2.387771360021803e-10 1.066800904198425e-10 4.766223075483643e-11 2.129440965716178e-11 9.514010588662234e-12 4.250730100959404e-12 1.899181042832914e-12 8.487447045029943e-13 3.794256258430522e-13 1.694472511871388e-13 7.555107125204563e-14 3.374469556374285e-14 1.506122017515536e-14 6.904089596751199e-15 3.521337398770049e-15 1.718753830130485e-15 9.791480662195585e-16 5.898365938049307e-16 6.086111121396086e-16 0 0 0 0 0 0 0 0 0 0 0 0 0 0 0
 1 39.04653130712304 0.09077831475272283 0.03330917037642502 0.01377911986824109 0.005886445728545994 0.002561205531844752 0.001129703768116918 0.0005038278272980049 0.0002267952666506849 0.0001029050579349933 4.701114219202928e-05 2.160194397172858e-05 9.975212128994538e-06 4.625280328448138e-06 2.151942108044769e-06 1.003993090515068e-06 4.694716639641677e-07 2.199250468169692e-07 1.031735207299775e-07 4.845748345756892e-08 2.277970783822001e-08 1.071634012802862e-08 5.044165284036016e-09 2.375329403729765e-09 1.118944041141005e-09 5.272425278048466e-10 2.48487268559811e-10 1.171299074771509e-10 5.521866771837757e-11 2.603434179114539e-11 1.227561496995297e-11 5.788532834730892e-12 2.729603203131876e-12 1.28710774616407e-12 6.06872885586692e-13 2.863733644378288e-13 1.35002091759991e-13 6.331347631926172e-14 2.972628197081277e-14 1.403085752343545e-14 6.707524287553334e-15 3.178058858934616e-15 1.508705871498801e-15 8.140937323491104e-16 4.70915921688337e-16 3.246807371332001e-16 0 0 0 0 0 0 0 0 0 0 0 0 0
 1 49.92043789616972 0.09125490388461491 0.03331585555477358 0.01376813631113935 0.005873153174321103 0.002548054591329181 0.001118284333886915 0.0004948757396712435 0.0002203274797114961 9.852973757742899e-05 4.420546768934181e-05 1.987988229054723e-05 8.955714362682382e-06 4.039516812255621e-06 1.82368999374037e-06 8.238642559767494e-07 3.723609262355509e-07 1.683523046413905e-07 7.613410823998436e-08 3.443618139340918e-08 1.557775516286706e-08 7.047476118216401e-09 3.18852757409516e-09 1.442668774246822e-09 6.527657823972931e-10 2.953644197307474e-10 1.336491053088391e-10 6.047525598884575e-11 2.736461684646876e-11 1.238243969297362e-11 5.603179486848469e-12 2.535314660908834e-12 1.147082089949105e-12 5.190223456583192e-13 2.345441873067699e-13 1.05816932558927e-13 4.758900087730705e-14 2.130843189649051e-14 9.597936233433715e-15 4.386187420030848e-15 2.074654397071298e-15 1.071081828134865e-15 5.709783754525713e-16 4.819738048704003e-16 0 0 0 0 0 0 0 0 0 0 0 0 0 0 0
 1 63.75141177058906 0.0917338668221962 0.03333381196798454 0.01377407130514927 0.005879960678414953 0.002555089597616373 0.001124670285805869 0.0005000988194320383 0.0002242554472113889 0.000101288810265041 4.603799992157373e-05 2.104202440196968e-05 9.664899430305096e-06 4.458568035480381e-06 2.064670666237833e-06 9.592899665814217e-07 4.469886001739308e-07 2.087911762120291e-07 9.773210448347635e-08 4.58279677778708e-08 2.152132375528724e-08 1.011919799570527e-08 4.762895663050102e-09 2.243711218889496e-09 1.057716112534007e-09 4.989116148030395e-10 2.354428184448914e-10 1.111517338069195e-10 5.249130868329025e-11 2.479600701457953e-11 1.171558701484963e-11 5.536100842326413e-12 2.616474022236306e-12 1.236525409699554e-12 5.844728841554622e-13 2.76389645606981e-13 1.306353357191272e-13 6.132823793542155e-14 2.84809768672303e-14 1.312060311458105e-14 6.170591360087893e-15 2.739779087232539e-15 1.231271847431784e-15 4.092734387271419e-16 1.703322675515564e-16 1.036197830530389e-16 0 0 0 0 0 0 0 0 0 0 0 0 0
 0 0 0 0 0 0 0 0 0 0 0 0 0 0 0 0 0 0 0 0 0 0 0 0 0 0 0 0 0 0 0 0 0 0 0 0 0 0 0 0 0 0 0 0 0 0 0 0 0 0 0 0 0 0 0 0 0 0 0 0
 0 0 0 0 0 0 0 0 0 0 0 0 0 0 0 0 0 0 0 0 0 0 0 0 0 0 0 0 0 0 0 0 0 0 0 0 0 0 0 0 0 0 0 0 0 0 0 0 0 0 0 0 0 0 0 0 0 0 0 0
 0 0 0 0 0 0 0 0 0 0 0 0 0 0 0 0 0 0 0 0 0 0 0 0 0 0 0 0 0 0 0 0 0 0 0 0 0 0 0 0 0 0 0 0 0 0 0 0 0 0 0 0 0 0 0 0 0 0 0 0
 0 0 0 0 0 0 0 0 0 0 0 0 0 0 0 0 0 0 0 0 0 0 0 0 0 0 0 0 0 0 0 0 0 0 0 0 0 0 0 0 0 0 0 0 0 0 0 0 0 0 0 0 0 0 0 0 0 0 0 0


# name: eigenvalues
# type: matrix
# rows: 21
# columns: 1
 1.618033988749894
 2.414213562373094
 3.631381260403638
 5.457705395965835
 8.203259193755022
 12.32988221531525
 18.53240737754882
 27.85509909631078
 41.86755331828093
 62.92894572518787
 94.58523120497358
 142.166150392841
 213.6825597408457
 321.1751616768838
 482.7417108971412
 725.5840028948078
 1090.587644225818
 0
 0
 0
 0


# name: time
# type: matrix
# rows: 21
# columns: 1
 0.1147339344024658
 0.007638931274414062
 0.02309989929199219
 0.02833199501037598
 0.08784604072570801
 0.1768429279327393
 0.5486009120941162
 1.21440601348877
 3.502341985702515
 8.187402963638306
 23.33970403671265
 55.73981380462646
 160.3760709762573
 402.9535350799561
 1072.354341030121
 2672.085098981857
 6902.848889112473
 0
 0
 0
 0


