# Created by Octave 3.8.1, Tue May 10 20:06:42 2016 PDT <adrian@adrian-270E5J>
# name: conv_rates
# type: matrix
# rows: 20
# columns: 60
 0 0 0 0 0 0 0 0 0 0 0 0 0 0 0 0 0 0 0 0 0 0 0 0 0 0 0 0 0 0 0 0 0 0 0 0 0 0 0 0 0 0 0 0 0 0 0 0 0 0 0 0 0 0 0 0 0 0 0 0
 0 0 0 0 0 0 0 0 0 0 0 0 0 0 0 0 0 0 0 0 0 0 0 0 0 0 0 0 0 0 0 0 0 0 0 0 0 0 0 0 0 0 0 0 0 0 0 0 0 0 0 0 0 0 0 0 0 0 0 0
 0 0 0 0 0 0 0 0 0 0 0 0 0 0 0 0 0 0 0 0 0 0 0 0 0 0 0 0 0 0 0 0 0 0 0 0 0 0 0 0 0 0 0 0 0 0 0 0 0 0 0 0 0 0 0 0 0 0 0 0
 0 0 0 0 0 0 0 0 0 0 0 0 0 0 0 0 0 0 0 0 0 0 0 0 0 0 0 0 0 0 0 0 0 0 0 0 0 0 0 0 0 0 0 0 0 0 0 0 0 0 0 0 0 0 0 0 0 0 0 0
 0 0 0 0 0 0 0 0 0 0 0 0 0 0 0 0 0 0 0 0 0 0 0 0 0 0 0 0 0 0 0 0 0 0 0 0 0 0 0 0 0 0 0 0 0 0 0 0 0 0 0 0 0 0 0 0 0 0 0 0
 0 0 0 0 0 0 0 0 0 0 0 0 0 0 0 0 0 0 0 0 0 0 0 0 0 0 0 0 0 0 0 0 0 0 0 0 0 0 0 0 0 0 0 0 0 0 0 0 0 0 0 0 0 0 0 0 0 0 0 0
 0 0 0 0 0 0 0 0 0 0 0 0 0 0 0 0 0 0 0 0 0 0 0 0 0 0 0 0 0 0 0 0 0 0 0 0 0 0 0 0 0 0 0 0 0 0 0 0 0 0 0 0 0 0 0 0 0 0 0 0
 0 0 0 0 0 0 0 0 0 0 0 0 0 0 0 0 0 0 0 0 0 0 0 0 0 0 0 0 0 0 0 0 0 0 0 0 0 0 0 0 0 0 0 0 0 0 0 0 0 0 0 0 0 0 0 0 0 0 0 0
 0 0 0 0 0 0 0 0 0 0 0 0 0 0 0 0 0 0 0 0 0 0 0 0 0 0 0 0 0 0 0 0 0 0 0 0 0 0 0 0 0 0 0 0 0 0 0 0 0 0 0 0 0 0 0 0 0 0 0 0
 0 0 0 0 0 0 0 0 0 0 0 0 0 0 0 0 0 0 0 0 0 0 0 0 0 0 0 0 0 0 0 0 0 0 0 0 0 0 0 0 0 0 0 0 0 0 0 0 0 0 0 0 0 0 0 0 0 0 0 0
 0 0 0 0 0 0 0 0 0 0 0 0 0 0 0 0 0 0 0 0 0 0 0 0 0 0 0 0 0 0 0 0 0 0 0 0 0 0 0 0 0 0 0 0 0 0 0 0 0 0 0 0 0 0 0 0 0 0 0 0
 0 0 0 0 0 0 0 0 0 0 0 0 0 0 0 0 0 0 0 0 0 0 0 0 0 0 0 0 0 0 0 0 0 0 0 0 0 0 0 0 0 0 0 0 0 0 0 0 0 0 0 0 0 0 0 0 0 0 0 0
 0 0 0 0 0 0 0 0 0 0 0 0 0 0 0 0 0 0 0 0 0 0 0 0 0 0 0 0 0 0 0 0 0 0 0 0 0 0 0 0 0 0 0 0 0 0 0 0 0 0 0 0 0 0 0 0 0 0 0 0
 0 0 0 0 0 0 0 0 0 0 0 0 0 0 0 0 0 0 0 0 0 0 0 0 0 0 0 0 0 0 0 0 0 0 0 0 0 0 0 0 0 0 0 0 0 0 0 0 0 0 0 0 0 0 0 0 0 0 0 0
 0 0 0 0 0 0 0 0 0 0 0 0 0 0 0 0 0 0 0 0 0 0 0 0 0 0 0 0 0 0 0 0 0 0 0 0 0 0 0 0 0 0 0 0 0 0 0 0 0 0 0 0 0 0 0 0 0 0 0 0
 1 49.92043789616972 0.09125490388461491 0.03331585555477358 0.01376813631113935 0.005873153174321103 0.002548054591329181 0.001118284333886915 0.0004948757396712435 0.0002203274797114961 9.852973757742899e-05 4.420546768934181e-05 1.987988229054723e-05 8.955714362682382e-06 4.039516812255621e-06 1.82368999374037e-06 8.238642559767494e-07 3.723609262355509e-07 1.683523046413905e-07 7.613410823998436e-08 3.443618139340918e-08 1.557775516286706e-08 7.047476118216401e-09 3.18852757409516e-09 1.442668774246822e-09 6.527657823972931e-10 2.953644197307474e-10 1.336491053088391e-10 6.047525598884575e-11 2.736461684646876e-11 1.238243969297362e-11 5.603179486848469e-12 2.535314660908834e-12 1.147082089949105e-12 5.190223456583192e-13 2.345441873067699e-13 1.05816932558927e-13 4.758900087730705e-14 2.130843189649051e-14 9.597936233433715e-15 4.386187420030848e-15 2.074654397071298e-15 1.071081828134865e-15 5.709783754525713e-16 4.819738048704003e-16 0 0 0 0 0 0 0 0 0 0 0 0 0 0 0
 1 63.75141177058906 0.0917338668221962 0.03333381196798454 0.01377407130514927 0.005879960678414953 0.002555089597616373 0.001124670285805869 0.0005000988194320383 0.0002242554472113889 0.000101288810265041 4.603799992157373e-05 2.104202440196968e-05 9.664899430305096e-06 4.458568035480381e-06 2.064670666237833e-06 9.592899665814217e-07 4.469886001739308e-07 2.087911762120291e-07 9.773210448347635e-08 4.58279677778708e-08 2.152132375528724e-08 1.011919799570527e-08 4.762895663050102e-09 2.243711218889496e-09 1.057716112534007e-09 4.989116148030395e-10 2.354428184448914e-10 1.111517338069195e-10 5.249130868329025e-11 2.479600701457953e-11 1.171558701484963e-11 5.536100842326413e-12 2.616474022236306e-12 1.236525409699554e-12 5.844728841554622e-13 2.76389645606981e-13 1.306353357191272e-13 6.132823793542155e-14 2.84809768672303e-14 1.312060311458105e-14 6.170591360087893e-15 2.739779087232539e-15 1.231271847431784e-15 4.092734387271419e-16 1.703322675515564e-16 1.036197830530389e-16 0 0 0 0 0 0 0 0 0 0 0 0 0
 0 0 0 0 0 0 0 0 0 0 0 0 0 0 0 0 0 0 0 0 0 0 0 0 0 0 0 0 0 0 0 0 0 0 0 0 0 0 0 0 0 0 0 0 0 0 0 0 0 0 0 0 0 0 0 0 0 0 0 0
 0 0 0 0 0 0 0 0 0 0 0 0 0 0 0 0 0 0 0 0 0 0 0 0 0 0 0 0 0 0 0 0 0 0 0 0 0 0 0 0 0 0 0 0 0 0 0 0 0 0 0 0 0 0 0 0 0 0 0 0
 0 0 0 0 0 0 0 0 0 0 0 0 0 0 0 0 0 0 0 0 0 0 0 0 0 0 0 0 0 0 0 0 0 0 0 0 0 0 0 0 0 0 0 0 0 0 0 0 0 0 0 0 0 0 0 0 0 0 0 0


# name: eigenvalues
# type: matrix
# rows: 1
# columns: 20
 0 0 0 0 0 0 0 0 0 0 0 0 0 0 0 725.5840028948078 1090.587644225818 0 0 0


