# Created by Octave 3.8.1, Thu May 12 16:06:46 2016 PDT <adrian@adrian-270E5J>
# name: conv_rates_pairs
# type: matrix
# rows: 18
# columns: 60
 1 0.5627774222552397 0.1242748831126575 0.04757861443048612 0.01817956471850951 0.006944318861614447 0.002652512895394661 0.001013170835923663 0.0003869968822900224 0.0001478196588036435 5.646208564203643e-05 2.156659764985531e-05 8.237707281121309e-06 3.146524192001478e-06 1.201865294951727e-06 4.59071692864285e-07 1.753497834563614e-07 6.697765741847058e-08 2.558318864901952e-08 9.771908437399501e-09 3.732536793693524e-09 1.425702168636832e-09 5.44569792879386e-10 2.080071155601138e-10 7.945161216881311e-11 3.034777931418364e-11 1.159185628859505e-11 4.427753479326014e-12 1.691215272843212e-12 6.460090995350824e-13 2.468564854763574e-13 9.427702503199472e-14 3.593025462400496e-14 1.368999980818885e-14 5.23691153334427e-15 2.001483021243361e-15 8.005932084973443e-16 4.002966042486721e-16 1.110223024625157e-16 1.110223024625157e-16 0 0 0 0 0 0 0 0 0 0 0 0 0 0 0 0 0 0 0 0
 1 0.7774967842321525 0.03447763602457236 0.005917133866683876 0.001015228295597882 0.0001741856812763216 2.988553838469207e-05 5.127547750406766e-06 8.797481106541721e-07 1.50940912915759e-07 2.589736648623753e-08 4.443285702470901e-09 7.623472710293978e-10 1.307980577212906e-10 2.244141231025935e-11 3.850406615833671e-12 6.607498277178267e-13 1.134357573953633e-13 1.941763883216838e-14 3.233971238276625e-15 5.147892387644517e-16 3.33066907387547e-16 0 0 0 0 0 0 0 0 0 0 0 0 0 0 0 0 0 0 0 0 0 0 0 0 0 0 0 0 0 0 0 0 0 0 0 0 0 0
 1 1.310115506063781 0.1049236647188243 0.04447650591252966 0.01917404015682789 0.00827690167522728 0.003573219352636945 0.001542598428420669 0.0006659565068002593 0.0002875006080601873 0.0001241171086968514 5.358269203088738e-05 2.313222496659599e-05 9.986430533079718e-06 4.311249563412103e-06 1.861212846410095e-06 8.035056213915651e-07 3.468820263312557e-07 1.497527049299371e-07 6.464985482098773e-08 2.791003830767075e-08 1.204906398984715e-08 5.201710616152733e-09 2.245634515944736e-09 9.694646286102729e-10 4.185283139007024e-10 1.806831881905833e-10 7.800290577477502e-11 3.367473436767034e-11 1.453771230485863e-11 6.276107033960177e-12 2.709473419251688e-12 1.169612505752726e-12 5.048670051580117e-13 2.179412053105669e-13 9.410852799779596e-14 4.061614791774843e-14 1.749482171278174e-14 7.502840872529928e-15 3.174830224901016e-15 1.324147507406233e-15 6.131407058289218e-16 3.510833468576701e-16 2.077037090527612e-16 0 0 0 0 0 0 0 0 0 0 0 0 0 0 0 0
 1 1.886125352377257 0.07191050422313275 0.02269905706708644 0.00741073605512264 0.002430176365694647 0.0007973624072578514 0.0002616398416229929 8.585305657530283e-05 2.817137958234852e-05 9.244012576031486e-06 3.033283112641607e-06 9.953260432096611e-07 3.266012092007313e-07 1.071692543216471e-07 3.516597228981691e-08 1.153918272104719e-08 3.786408495921781e-09 1.242452704238534e-09 4.076920786540458e-10 1.337779783104101e-10 4.389720129529722e-11 1.440418568024001e-11 4.726479442380539e-12 1.550876112732226e-12 5.088564683919974e-13 1.669388785458805e-13 5.48134321403277e-14 1.806229137189896e-14 5.946951887712871e-15 1.971427560873958e-15 6.690187733356917e-16 2.830524433501838e-16 1.387778780781446e-16 0 0 0 0 0 0 0 0 0 0 0 0 0 0 0 0 0 0 0 0 0 0 0 0 0 0
 1 2.66737050108058 0.09191990053952119 0.03817262196374177 0.01686149850681321 0.007545526605097949 0.00338803036205719 0.001522693969562787 0.0006845312483063305 0.0003077560900797345 0.000138365980655295 6.220920238633989e-05 2.796924154187186e-05 1.25749700243513e-05 5.653706870719069e-06 2.541906865637193e-06 1.142841454970628e-06 5.138215774723906e-07 2.310142081255661e-07 1.03864000084559e-07 4.669725994027255e-08 2.099509054568728e-08 9.439393822925393e-09 4.243951948661775e-09 1.908080974534798e-09 8.578732682603928e-10 3.856998764566526e-10 1.734107275262044e-10 7.796549645345522e-11 3.505326088648895e-11 1.575990092568254e-11 7.085668519788339e-12 3.185728665446659e-12 1.432306851066003e-12 6.439766620430767e-13 2.895260591580116e-13 1.301384236966286e-13 5.846873244435361e-14 2.625693590151475e-14 1.181624974313985e-14 5.331093978099952e-15 2.349571363587745e-15 1.067778313638764e-15 4.569144405373685e-16 2.095500005536363e-16 2.305551267378102e-16 0 0 0 0 0 0 0 0 0 0 0 0 0 0
 1 3.643006868738503 0.08320278602570692 0.02995916092301396 0.01135453637263958 0.004335258933003776 0.001657400679799595 0.0006338104638701033 0.000242392222150613 9.270100478631416e-05 3.545289925425293e-05 1.355874350584113e-05 5.185459225760044e-06 1.983147532098265e-06 7.584427935183483e-07 2.900618655065671e-07 1.109324086185578e-07 4.242542969938768e-08 1.62253494136258e-08 6.20528692176444e-09 2.373174493699381e-09 9.07606172782825e-10 3.471085183350529e-10 1.327496491747582e-10 5.076931594922415e-11 1.941637864026546e-11 7.425691589692678e-12 2.83998818838955e-12 1.086136606364928e-12 4.15420739674009e-13 1.58908478129844e-13 6.075413375309996e-14 2.328906161566699e-14 8.942465699060246e-15 3.404558235263445e-15 1.294433873018199e-15 6.413880542394858e-16 3.224906463711943e-16 2.435541875787129e-16 0 0 0 0 0 0 0 0 0 0 0 0 0 0 0 0 0 0 0 0 0
 1 4.893379533210924 0.08827925480587699 0.03480148941518588 0.01504059580439682 0.00670853955389616 0.003036439533936733 0.001384102678352369 0.0006330333998813376 0.0002899790630330807 0.0001329303219751809 6.095772846090779e-05 2.795772008294863e-05 1.282349294945432e-05 5.882007223886764e-06 2.698059615200242e-06 1.237601033096882e-06 5.676899885560142e-07 2.604008986027229e-07 1.194466660995618e-07 5.479055892320024e-08 2.513260444948653e-08 1.152840680162823e-08 5.28811757653515e-09 2.425676828028737e-09 1.112665926996361e-09 5.103834036591786e-10 2.341145406067457e-10 1.073891128915942e-10 4.925971985411941e-11 2.259560614726925e-11 1.036468539574185e-11 4.754282019361779e-12 2.180812522791269e-12 1.000443048845505e-12 4.58917617467062e-13 2.104117607043476e-13 9.645930198581738e-14 4.423677598708084e-14 2.025258091190107e-14 9.256203578789711e-15 4.229151948976933e-15 1.926464897898273e-15 9.467458983897527e-16 5.642306441582291e-16 3.971569745646104e-16 0 0 0 0 0 0 0 0 0 0 0 0 0 0
 1 6.480194758696659 0.08666812021441139 0.03233279463035615 0.01298076840167673 0.005290362936325327 0.002166230474126282 0.0008885457770910868 0.0003647099913265825 0.0001497372145389929 6.148320237743242e-05 2.524646964195724e-05 1.036696548201468e-05 4.257016298758634e-06 1.748074810624977e-06 7.178192875916087e-07 2.947612511612188e-07 1.2103910983668e-07 4.970282518808106e-08 2.040969154192822e-08 8.380922243627859e-09 3.441495279485702e-09 1.413196431293703e-09 5.803071268384129e-10 2.382941304473956e-10 9.785182032104847e-11 4.01813906566463e-11 1.649993192063405e-11 6.775427277106503e-12 2.782263572150318e-12 1.142564009855732e-12 4.691941965439093e-13 1.926436485580608e-13 7.906088505485665e-14 3.246932306735835e-14 1.330590397232087e-14 5.416694539824759e-15 2.233246109139158e-15 9.278419505180256e-16 4.346650751376142e-16 2.585145432470619e-16 0 0 0 0 0 0 0 0 0 0 0 0 0 0 0 0 0 0 0
 1 8.500324794800122 0.08814530523417385 0.03364874530761884 0.01418681369599962 0.006203781693689613 0.002773458789054351 0.001257807866333108 0.0005756468659986717 0.0002649320830839278 0.0001223450441688839 5.661318670481204e-05 2.622825597545889e-05 1.215984085587689e-05 5.639836096649464e-06 2.616439373124133e-06 1.213994500510732e-06 5.633249233175173e-07 2.614101203395104e-07 1.21310451956098e-07 5.629648682476904e-08 2.612574044409941e-08 1.212434827234797e-08 5.626646654361849e-09 2.611209593000044e-09 1.211809396199499e-09 5.623764779069457e-10 2.609877881447554e-10 1.211192710716305e-10 5.620901099882103e-11 2.608546687488486e-11 1.210570936534738e-11 5.618026292717192e-12 2.607248150998905e-12 1.210127523579507e-12 5.616437713044572e-13 2.605702997495798e-13 1.210035706327275e-13 5.629628882015658e-14 2.61798784138636e-14 1.21271837059157e-14 5.581976801481216e-15 2.602418259559043e-15 1.350091940430981e-15 7.036736379188567e-16 3.823324244410761e-16 2.263398694898901e-16 0 0 0 0 0 0 0 0 0 0 0 0 0
 1 11.06883536527559 0.0881988511480571 0.03301653216436454 0.01353980451962079 0.005680068636226895 0.002405764453179802 0.001023812151516084 0.000436759350479693 0.000186553284594239 7.973303977407684e-05 3.408895124749435e-05 1.457673072585621e-05 6.233655703228569e-06 2.665900207451188e-06 1.140129847150517e-06 4.876065079943942e-07 2.085389040241093e-07 8.918789370929872e-08 3.814392249287245e-08 1.631342342902285e-08 6.976940632213739e-09 2.983905226773797e-09 1.276159744266758e-09 5.457894439441698e-10 2.33423909456934e-10 9.983087556819712e-11 4.269573258348565e-11 1.826027058400235e-11 7.809678678138211e-12 3.340040490937574e-12 1.428488394242204e-12 6.109831027610295e-13 2.613522636145954e-13 1.117512118316907e-13 4.760920891793995e-14 2.023791305808233e-14 8.553278170414425e-15 3.651289224682204e-15 1.650012944686921e-15 7.326367964419496e-16 2.971597010870664e-16 1.448883583792047e-16 0 0 0 0 0 0 0 0 0 0 0 0 0 0 0 0 0
 1 14.3359489186263 0.08889131906651164 0.03335057367550873 0.01388885595323753 0.005985811068419299 0.002636732440291921 0.001180639582391053 0.0005352351602419866 0.0002448827571784739 0.0001127868076031323 5.219217517911808e-05 2.423151056570926e-05 1.127560125936321e-05 5.254982511898523e-06 2.451655151826569e-06 1.144606457682542e-06 5.346396162978631e-07 2.498078820267695e-07 1.167468732495459e-07 5.456919822230705e-08 2.550893311335617e-08 1.192519418606697e-08 5.575164670875114e-09 2.606530048152988e-09 1.21864252708572e-09 5.697647834916538e-10 2.663904959396144e-10 1.245501877616179e-10 5.823316490535869e-11 2.722680064933608e-11 1.272998957888112e-11 5.951976408979675e-12 2.782792229012642e-12 1.301028712656923e-12 6.083030114760646e-13 2.84514918545408e-13 1.330723522924272e-13 6.215407273588261e-14 2.893118807886872e-14 1.337544651880062e-14 6.219928856581047e-15 2.99657400587922e-15 1.321964005386295e-15 5.673049715710761e-16 3.351744337931191e-16 3.232362904795928e-16 0 0 0 0 0 0 0 0 0 0 0 0 0
 1 18.4910254096261 0.08929299368195655 0.03321056847096497 0.01370878045069537 0.005817443086416057 0.002502423310908031 0.001085079355426297 0.0004727842252153614 0.0002066026999832174 9.044320401182328e-05 3.963481958548121e-05 1.738017799880606e-05 7.624247065063663e-06 3.345326986698319e-06 1.468044571819971e-06 6.442807638312118e-07 2.827692172474792e-07 1.241085351160003e-07 5.447266942730261e-08 2.390892967397499e-08 1.049407782268166e-08 4.606064508829005e-09 2.021700014315456e-09 8.87368585409497e-10 3.894859203053583e-10 1.709540415470599e-10 7.50355218894859e-11 3.293475535249382e-11 1.445578548681858e-11 6.344962749467118e-12 2.784781672459425e-12 1.222158986075911e-12 5.365189489923943e-13 2.356186187944832e-13 1.033456094064877e-13 4.544424692357361e-14 2.007052811541744e-14 8.699789565008688e-15 3.686680433427724e-15 1.505140298928442e-15 6.83947592559075e-16 2.90916799091539e-16 2.654296983724992e-16 0 0 0 0 0 0 0 0 0 0 0 0 0 0 0 0
 1 23.77578809275734 0.08982032544998433 0.03329893913684262 0.01380171159373955 0.005909681658392821 0.002580741582509656 0.001144137135134646 0.0005134839053714133 0.0002327729255476596 0.000106385587270457 4.894121015052596e-05 2.263118272775944e-05 1.050701845613308e-05 4.893106644157057e-06 2.284021295115511e-06 1.068008745708071e-06 5.000531970178859e-07 2.343573334477941e-07 1.099138323840753e-07 5.157698565466436e-08 2.421189345757148e-08 1.136909589495096e-08 5.33966995285512e-09 2.508244477666492e-09 1.178350324913798e-09 5.536242828400191e-10 2.601252629894817e-10 1.222274260258891e-10 5.743393968865273e-11 2.698865344855192e-11 1.268243558013725e-11 5.959727905268058e-12 2.800671951903384e-12 1.31606045774345e-12 6.183646690966606e-13 2.906829044292521e-13 1.366945529388178e-13 6.441825330130444e-14 3.054059664765691e-14 1.443118336393213e-14 6.904227547311417e-15 3.524982433622098e-15 1.79389531974442e-15 8.967496926214929e-16 4.850188809832943e-16 3.142148835425985e-16 0 0 0 0 0 0 0 0 0 0 0 0 0
 1 30.49734231691115 0.09028802341873939 0.0332783050363421 0.01375559476020728 0.005860673487742564 0.002536911174584654 0.001109517103131002 0.000488627684317753 0.0002162057287264532 9.59711443775176e-05 4.269211959108415e-05 1.901874906230254e-05 8.480787566635226e-06 3.784172998933979e-06 1.689245792973014e-06 7.542915966554624e-07 3.368748227879592e-07 1.504710406662715e-07 6.721619115798344e-08 3.002750118130704e-08 1.34146899845549e-08 5.993117613930524e-09 2.67751587981666e-09 1.196233683423106e-09 5.344452669252702e-10 2.387771063061699e-10 1.066800683565584e-10 4.766222251154256e-11 2.129441640133358e-11 9.51402161870264e-12 4.250712855651004e-12 1.899183068877474e-12 8.487671498507259e-13 3.794377450920442e-13 1.694496115511433e-13 7.554800202136123e-14 3.376490813137429e-14 1.510862975871588e-14 6.937419666025177e-15 3.598363880762388e-15 1.794271041164629e-15 1.032317893289542e-15 5.749476585701543e-16 4.264880375640363e-16 0 0 0 0 0 0 0 0 0 0 0 0 0 0 0
 1 39.04653130712304 0.09077831475272281 0.03330917037642502 0.01377911986824108 0.005886445728546 0.002561205531844754 0.001129703768116918 0.0005038278272980047 0.0002267952666506849 0.0001029050579350019 4.701114219203761e-05 2.160194397171586e-05 9.975212128995786e-06 4.625280328472015e-06 2.151942108048872e-06 1.003993090484083e-06 4.694716639537807e-07 2.199250468666914e-07 1.03173520790339e-07 4.845748348478176e-08 2.277970784771295e-08 1.071634011394292e-08 5.044165260236955e-09 2.375329401721999e-09 1.118944061049156e-09 5.272425893685891e-10 2.484873408976865e-10 1.17129975194638e-10 5.521872229928314e-11 2.60343540866703e-11 1.227559126547663e-11 5.788517563432923e-12 2.729615751448339e-12 1.287107884576353e-12 6.068689404408951e-13 2.863604661015199e-13 1.349901835437995e-13 6.331346006412931e-14 2.970220424571495e-14 1.400312608512951e-14 6.680837669841914e-15 3.137671226687203e-15 1.51776210165362e-15 8.312385098179123e-16 4.568749224734463e-16 3.713888608171339e-16 0 0 0 0 0 0 0 0 0 0 0 0 0
 1 49.92043789616972 0.09125490388461485 0.03331585555477361 0.01376813631113936 0.00587315317432111 0.002548054591329221 0.001118284333887014 0.0004948757396713504 0.00022032747971157 9.852973757746917e-05 4.420546768935864e-05 1.987988229054781e-05 8.955714362669501e-06 4.039516812248223e-06 1.823689993742607e-06 8.238642559720064e-07 3.723609262051285e-07 1.683523046314584e-07 7.613410827720238e-08 3.443618142252249e-08 1.557775515802317e-08 7.047476096079073e-09 3.188527596779418e-09 1.442668827839381e-09 6.527658515919766e-10 2.95364484519755e-10 1.336491195713073e-10 6.047527355280372e-11 2.736461557208371e-11 1.238239291077792e-11 5.603131429155853e-12 2.535269970239328e-12 1.147064405886227e-12 5.190357874947061e-13 2.345657571988099e-13 1.058671880388351e-13 4.763742933707507e-14 2.131603256720027e-14 9.615831039716828e-15 4.409740521275015e-15 2.073208298447955e-15 1.149428416605608e-15 6.558304438229237e-16 4.469278621769161e-16 0 0 0 0 0 0 0 0 0 0 0 0 0 0 0
 1 63.75141177058906 0.09173386682219618 0.03333381196798461 0.01377407130514931 0.005879960678414994 0.002555089597616393 0.001124670285805866 0.0005000988194319879 0.0002242554472113407 0.0001012888102650392 4.603799992152763e-05 2.104202440191041e-05 9.664899430267638e-06 4.458568035432705e-06 2.06467066618872e-06 9.592899665654899e-07 4.469886001856552e-07 2.087911762252116e-07 9.773210446939744e-08 4.582796775392268e-08 2.152132374232633e-08 1.011919797093526e-08 4.762895647600138e-09 2.243711229408953e-09 1.057716113772731e-09 4.98911579364032e-10 2.354427783168406e-10 1.111517270986226e-10 5.249133481028649e-11 2.479601852607127e-11 1.171556211556615e-11 5.536062315779729e-12 2.616444839187152e-12 1.236496654300793e-12 5.844517396788971e-13 2.764570911492248e-13 1.307468132505419e-13 6.138914949955784e-14 2.851508658169637e-14 1.315017056872378e-14 6.186218618682889e-15 2.744447536032534e-15 1.257609316717493e-15 4.287733249074833e-16 1.724021917490136e-16 1.129703286137716e-16 0 0 0 0 0 0 0 0 0 0 0 0 0
 1 81.34380066678507 0.09220817589001809 0.03334652541034449 0.0137717783713146 0.00587653926849874 0.002551384222987067 0.001121167080832329 0.0004971218747012488 0.000221935764341691 9.960542748212349e-05 4.488620222501798e-05 2.029163278114319e-05 9.195681058334199e-06 4.175135462519356e-06 1.898400213344708e-06 8.641490082766234e-07 3.936947169440918e-07 1.794787886683471e-07 8.186194821288392e-08 3.735209589286323e-08 1.704796371520387e-08 7.782599949017786e-09 3.553438040680546e-09 1.62265938150518e-09 7.410498134146258e-10 3.384532736432159e-10 1.545873768185698e-10 7.060994146878383e-11 3.225248302963869e-11 1.47323883691784e-11 6.73017168663963e-12 3.07477912090399e-12 1.404732666035728e-12 6.417398033421401e-13 2.930691355132258e-13 1.334196260426438e-13 6.050429404266546e-14 2.754925515068745e-14 1.210945052911153e-14 5.441197585177417e-15 2.599055309405829e-15 1.338678573032518e-15 6.962471834808999e-16 4.207524766159626e-16 3.703720950119698e-16 0 0 0 0 0 0 0 0 0 0 0 0 0 0


# name: eigenvalues_pairs
# type: matrix
# rows: 18
# columns: 1
 1.618033988749894
 2.414213562373094
 3.631381260403638
 5.457705395965835
 8.203259193755022
 12.32988221531525
 18.53240737754882
 27.85509909631079
 41.86755331828093
 62.92894572518787
 94.58523120497354
 142.166150392841
 213.6825597408458
 321.1751616768836
 482.7417108971412
 725.5840028948079
 1090.587644225817
 1639.205667424901


# name: time_pairs
# type: matrix
# rows: 18
# columns: 1
 0.0121619701385498
 0.008784055709838867
 0.03772091865539551
 0.04375505447387695
 0.1354448795318604
 0.2566261291503906
 0.7093019485473633
 1.502080917358398
 3.86540412902832
 8.28823709487915
 22.03449010848999
 48.20461988449097
 126.0956590175629
 290.8514430522919
 734.0661020278931
 1535.605583906174
 3954.914542198181
 8801.835399150848


