a    b     c      brian constant
1    30    30     1.492066037647514
1    30    31     1.492066037647514
1    30    32     1.492066037647514
1    30    33     1.492066037647514
1    30    34     1.492066037647514
1    30    35     1.492066037647514
1    30    36     1.492066037647514
1    30    37     1.492066037647514
1    30    38     1.492066037647514
1    30    39     1.492066037647514
1    30    40     1.492066037647514
1    31    30     1.492066037647546
1    31    31     1.492066037647546
1    31    32     1.492066037647546
1    31    33     1.492066037647545
1    31    34     1.492066037647545
1    31    35     1.492066037647546
1    31    36     1.492066037647546
1    31    37     1.492066037647546
1    31    38     1.492066037647546
1    31    39     1.492066037647546
1    31    40     1.492066037647546
1    32    30     1.492066037647534
1    32    31     1.492066037647534
1    32    32     1.492066037647534
1    32    33     1.492066037647534
1    32    34     1.492066037647534
1    32    35     1.492066037647534
1    32    36     1.492066037647534
1    32    37     1.492066037647534
1    32    38     1.492066037647533
1    32    39     1.492066037647533
1    32    40     1.492066037647533
1    33    30     1.492066037647538
1    33    31     1.492066037647538
1    33    32     1.492066037647538
1    33    33     1.492066037647538
1    33    34     1.492066037647538
1    33    35     1.492066037647538
1    33    36     1.492066037647538
1    33    37     1.492066037647538
1    33    38     1.492066037647538
1    33    39     1.492066037647538
1    33    40     1.492066037647538
1    34    30     1.492066037647537
1    34    31     1.492066037647537
1    34    32     1.492066037647537
1    34    33     1.492066037647537
1    34    34     1.492066037647537
1    34    35     1.492066037647537
1    34    36     1.492066037647537
1    34    37     1.492066037647537
1    34    38     1.492066037647537
1    34    39     1.492066037647537
1    34    40     1.492066037647537
1    35    30     1.492066037647537
1    35    31     1.492066037647537
1    35    32     1.492066037647537
1    35    33     1.492066037647537
1    35    34     1.492066037647537
1    35    35     1.492066037647536
1    35    36     1.492066037647536
1    35    37     1.492066037647536
1    35    38     1.492066037647536
1    35    39     1.492066037647536
1    35    40     1.492066037647537
1    36    30     1.492066037647537
1    36    31     1.492066037647537
1    36    32     1.492066037647537
1    36    33     1.492066037647537
1    36    34     1.492066037647537
1    36    35     1.492066037647537
1    36    36     1.492066037647537
1    36    37     1.492066037647537
1    36    38     1.492066037647537
1    36    39     1.492066037647537
1    36    40     1.492066037647537
1    37    30     1.492066037647537
1    37    31     1.492066037647537
1    37    32     1.492066037647537
1    37    33     1.492066037647537
1    37    34     1.492066037647537
1    37    35     1.492066037647537
1    37    36     1.492066037647537
1    37    37     1.492066037647537
1    37    38     1.492066037647537
1    37    39     1.492066037647537
1    37    40     1.492066037647537
1    38    30     1.492066037647537
1    38    31     1.492066037647538
1    38    32     1.492066037647538
1    38    33     1.492066037647538
1    38    34     1.492066037647538
1    38    35     1.492066037647538
1    38    36     1.492066037647538
1    38    37     1.492066037647538
1    38    38     1.492066037647538
1    38    39     1.492066037647538
1    38    40     1.492066037647538
1    39    30     1.492066037647537
1    39    31     1.492066037647537
1    39    32     1.492066037647537
1    39    33     1.492066037647537
1    39    34     1.492066037647537
1    39    35     1.492066037647537
1    39    36     1.492066037647536
1    39    37     1.492066037647537
1    39    38     1.492066037647537
1    39    39     1.492066037647537
1    39    40     1.492066037647536
1    40    30     1.492066037647537
1    40    31     1.492066037647537
1    40    32     1.492066037647537
1    40    33     1.492066037647537
1    40    34     1.492066037647537
1    40    35     1.492066037647537
1    40    36     1.492066037647537
1    40    37     1.492066037647537
1    40    38     1.492066037647537
1    40    39     1.492066037647537
1    40    40     1.492066037647537
2    30    30     1.504167368203261
2    30    31     1.504167368208171
2    30    32     1.504167368206051
2    30    33     1.504167368206967
2    30    34     1.504167368206571
2    30    35     1.504167368206742
2    30    36     1.504167368206668
2    30    37     1.5041673682067
2    30    38     1.504167368206686
2    30    39     1.504167368206692
2    30    40     1.504167368206689
2    31    30     1.50416736820326
2    31    31     1.504167368208171
2    31    32     1.504167368206051
2    31    33     1.504167368206966
2    31    34     1.504167368206571
2    31    35     1.504167368206742
2    31    36     1.504167368206668
2    31    37     1.5041673682067
2    31    38     1.504167368206687
2    31    39     1.504167368206692
2    31    40     1.504167368206689
2    32    30     1.504167368203261
2    32    31     1.504167368208172
2    32    32     1.504167368206052
2    32    33     1.504167368206967
2    32    34     1.504167368206572
2    32    35     1.504167368206742
2    32    36     1.504167368206669
2    32    37     1.5041673682067
2    32    38     1.504167368206687
2    32    39     1.504167368206693
2    32    40     1.50416736820669
2    33    30     1.50416736820326
2    33    31     1.504167368208171
2    33    32     1.504167368206051
2    33    33     1.504167368206966
2    33    34     1.504167368206571
2    33    35     1.504167368206742
2    33    36     1.504167368206668
2    33    37     1.5041673682067
2    33    38     1.504167368206686
2    33    39     1.504167368206693
2    33    40     1.50416736820669
2    34    30     1.504167368203261
2    34    31     1.504167368208172
2    34    32     1.504167368206052
2    34    33     1.504167368206967
2    34    34     1.504167368206572
2    34    35     1.504167368206743
2    34    36     1.504167368206669
2    34    37     1.504167368206701
2    34    38     1.504167368206687
2    34    39     1.504167368206693
2    34    40     1.50416736820669
2    35    30     1.50416736820326
2    35    31     1.504167368208171
2    35    32     1.504167368206051
2    35    33     1.504167368206967
2    35    34     1.504167368206571
2    35    35     1.504167368206742
2    35    36     1.504167368206669
2    35    37     1.5041673682067
2    35    38     1.504167368206687
2    35    39     1.504167368206692
2    35    40     1.50416736820669
2    36    30     1.504167368203261
2    36    31     1.504167368208172
2    36    32     1.504167368206052
2    36    33     1.504167368206967
2    36    34     1.504167368206572
2    36    35     1.504167368206743
2    36    36     1.504167368206669
2    36    37     1.504167368206701
2    36    38     1.504167368206687
2    36    39     1.504167368206693
2    36    40     1.504167368206691
2    37    30     1.50416736820326
2    37    31     1.504167368208171
2    37    32     1.504167368206051
2    37    33     1.504167368206965
2    37    34     1.50416736820657
2    37    35     1.504167368206741
2    37    36     1.504167368206667
2    37    37     1.504167368206699
2    37    38     1.504167368206685
2    37    39     1.504167368206691
2    37    40     1.504167368206688
2    38    30     1.504167368203261
2    38    31     1.504167368208172
2    38    32     1.504167368206052
2    38    33     1.504167368206968
2    38    34     1.504167368206572
2    38    35     1.504167368206743
2    38    36     1.504167368206669
2    38    37     1.504167368206701
2    38    38     1.504167368206687
2    38    39     1.504167368206694
2    38    40     1.504167368206691
2    39    30     1.504167368203262
2    39    31     1.504167368208173
2    39    32     1.504167368206053
2    39    33     1.504167368206968
2    39    34     1.504167368206573
2    39    35     1.504167368206744
2    39    36     1.50416736820667
2    39    37     1.504167368206702
2    39    38     1.504167368206688
2    39    39     1.504167368206694
2    39    40     1.504167368206691
2    40    30     1.50416736820326
2    40    31     1.504167368208171
2    40    32     1.504167368206051
2    40    33     1.504167368206966
2    40    34     1.504167368206571
2    40    35     1.504167368206742
2    40    36     1.504167368206668
2    40    37     1.5041673682067
2    40    38     1.504167368206686
2    40    39     1.504167368206692
2    40    40     1.504167368206689
3    30    30     1.502928226092572
3    30    31     1.502928226092573
3    30    32     1.502928226092573
3    30    33     1.502928226092573
3    30    34     1.502928226092573
3    30    35     1.502928226092573
3    30    36     1.502928226092573
3    30    37     1.502928226092573
3    30    38     1.502928226092573
3    30    39     1.502928226092573
3    30    40     1.502928226092573
3    31    30     1.502928226093196
3    31    31     1.502928226093197
3    31    32     1.502928226093197
3    31    33     1.502928226093197
3    31    34     1.502928226093197
3    31    35     1.502928226093197
3    31    36     1.502928226093197
3    31    37     1.502928226093197
3    31    38     1.502928226093197
3    31    39     1.502928226093197
3    31    40     1.502928226093197
3    32    30     1.502928226092927
3    32    31     1.502928226092929
3    32    32     1.502928226092928
3    32    33     1.502928226092929
3    32    34     1.502928226092929
3    32    35     1.502928226092929
3    32    36     1.502928226092929
3    32    37     1.502928226092928
3    32    38     1.502928226092929
3    32    39     1.502928226092929
3    32    40     1.502928226092929
3    33    30     1.502928226093043
3    33    31     1.502928226093044
3    33    32     1.502928226093043
3    33    33     1.502928226093043
3    33    34     1.502928226093044
3    33    35     1.502928226093043
3    33    36     1.502928226093044
3    33    37     1.502928226093044
3    33    38     1.502928226093044
3    33    39     1.502928226093044
3    33    40     1.502928226093044
3    34    30     1.502928226092993
3    34    31     1.502928226092995
3    34    32     1.502928226092994
3    34    33     1.502928226092994
3    34    34     1.502928226092994
3    34    35     1.502928226092994
3    34    36     1.502928226092994
3    34    37     1.502928226092994
3    34    38     1.502928226092994
3    34    39     1.502928226092994
3    34    40     1.502928226092994
3    35    30     1.502928226093013
3    35    31     1.502928226093015
3    35    32     1.502928226093015
3    35    33     1.502928226093015
3    35    34     1.502928226093014
3    35    35     1.502928226093014
3    35    36     1.502928226093015
3    35    37     1.502928226093014
3    35    38     1.502928226093014
3    35    39     1.502928226093014
3    35    40     1.502928226093014
3    36    30     1.502928226093006
3    36    31     1.502928226093007
3    36    32     1.502928226093007
3    36    33     1.502928226093007
3    36    34     1.502928226093007
3    36    35     1.502928226093007
3    36    36     1.502928226093008
3    36    37     1.502928226093008
3    36    38     1.502928226093008
3    36    39     1.502928226093008
3    36    40     1.502928226093008
3    37    30     1.502928226093008
3    37    31     1.50292822609301
3    37    32     1.502928226093009
3    37    33     1.502928226093009
3    37    34     1.502928226093009
3    37    35     1.502928226093009
3    37    36     1.502928226093009
3    37    37     1.502928226093009
3    37    38     1.502928226093009
3    37    39     1.502928226093009
3    37    40     1.502928226093009
3    38    30     1.502928226093008
3    38    31     1.502928226093009
3    38    32     1.502928226093009
3    38    33     1.502928226093009
3    38    34     1.502928226093009
3    38    35     1.502928226093008
3    38    36     1.502928226093008
3    38    37     1.502928226093008
3    38    38     1.502928226093008
3    38    39     1.502928226093008
3    38    40     1.502928226093008
3    39    30     1.502928226093008
3    39    31     1.50292822609301
3    39    32     1.502928226093009
3    39    33     1.502928226093009
3    39    34     1.502928226093009
3    39    35     1.50292822609301
3    39    36     1.502928226093009
3    39    37     1.502928226093009
3    39    38     1.502928226093009
3    39    39     1.50292822609301
3    39    40     1.50292822609301
3    40    30     1.502928226093007
3    40    31     1.502928226093009
3    40    32     1.502928226093008
3    40    33     1.502928226093009
3    40    34     1.502928226093009
3    40    35     1.502928226093009
3    40    36     1.502928226093009
3    40    37     1.502928226093008
3    40    38     1.502928226093008
3    40    39     1.502928226093008
3    40    40     1.502928226093008
4    30    30     1.50306009550891
4    30    31     1.503060095518241
4    30    32     1.503060095514045
4    30    33     1.503060095515932
4    30    34     1.503060095515083
4    30    35     1.503060095515465
4    30    36     1.503060095515293
4    30    37     1.50306009551537
4    30    38     1.503060095515335
4    30    39     1.503060095515351
4    30    40     1.503060095515344
4    31    30     1.503060095508907
4    31    31     1.503060095518239
4    31    32     1.503060095514043
4    31    33     1.50306009551593
4    31    34     1.503060095515081
4    31    35     1.503060095515463
4    31    36     1.503060095515291
4    31    37     1.503060095515368
4    31    38     1.503060095515334
4    31    39     1.503060095515349
4    31    40     1.503060095515342
4    32    30     1.503060095508909
4    32    31     1.50306009551824
4    32    32     1.503060095514045
4    32    33     1.503060095515931
4    32    34     1.503060095515083
4    32    35     1.503060095515465
4    32    36     1.503060095515294
4    32    37     1.50306009551537
4    32    38     1.503060095515336
4    32    39     1.503060095515352
4    32    40     1.503060095515345
4    33    30     1.503060095508908
4    33    31     1.50306009551824
4    33    32     1.503060095514044
4    33    33     1.50306009551593
4    33    34     1.503060095515082
4    33    35     1.503060095515464
4    33    36     1.503060095515292
4    33    37     1.503060095515369
4    33    38     1.503060095515334
4    33    39     1.503060095515351
4    33    40     1.503060095515343
4    34    30     1.503060095508908
4    34    31     1.50306009551824
4    34    32     1.503060095514045
4    34    33     1.503060095515931
4    34    34     1.503060095515083
4    34    35     1.503060095515464
4    34    36     1.503060095515292
4    34    37     1.50306009551537
4    34    38     1.503060095515334
4    34    39     1.50306009551535
4    34    40     1.503060095515343
4    35    30     1.503060095508908
4    35    31     1.50306009551824
4    35    32     1.503060095514044
4    35    33     1.50306009551593
4    35    34     1.503060095515082
4    35    35     1.503060095515464
4    35    36     1.503060095515292
4    35    37     1.503060095515369
4    35    38     1.503060095515335
4    35    39     1.50306009551535
4    35    40     1.503060095515343
4    36    30     1.503060095508909
4    36    31     1.503060095518241
4    36    32     1.503060095514045
4    36    33     1.503060095515931
4    36    34     1.503060095515083
4    36    35     1.503060095515464
4    36    36     1.503060095515292
4    36    37     1.50306009551537
4    36    38     1.503060095515335
4    36    39     1.503060095515351
4    36    40     1.503060095515343
4    37    30     1.503060095508907
4    37    31     1.503060095518239
4    37    32     1.503060095514044
4    37    33     1.50306009551593
4    37    34     1.503060095515083
4    37    35     1.503060095515464
4    37    36     1.503060095515292
4    37    37     1.503060095515369
4    37    38     1.503060095515335
4    37    39     1.50306009551535
4    37    40     1.503060095515343
4    38    30     1.503060095508909
4    38    31     1.50306009551824
4    38    32     1.503060095514045
4    38    33     1.503060095515931
4    38    34     1.503060095515083
4    38    35     1.503060095515465
4    38    36     1.503060095515294
4    38    37     1.50306009551537
4    38    38     1.503060095515336
4    38    39     1.503060095515351
4    38    40     1.503060095515345
4    39    30     1.503060095508908
4    39    31     1.50306009551824
4    39    32     1.503060095514045
4    39    33     1.503060095515931
4    39    34     1.503060095515083
4    39    35     1.503060095515464
4    39    36     1.503060095515293
4    39    37     1.503060095515369
4    39    38     1.503060095515335
4    39    39     1.50306009551535
4    39    40     1.503060095515343
4    40    30     1.503060095508908
4    40    31     1.503060095518239
4    40    32     1.503060095514044
4    40    33     1.50306009551593
4    40    34     1.503060095515082
4    40    35     1.503060095515463
4    40    36     1.503060095515292
4    40    37     1.503060095515369
4    40    38     1.503060095515334
4    40    39     1.50306009551535
4    40    40     1.503060095515343
5    30    30     1.503046767642546
5    30    31     1.503046767642658
5    30    32     1.503046767642615
5    30    33     1.503046767642631
5    30    34     1.503046767642625
5    30    35     1.503046767642628
5    30    36     1.503046767642627
5    30    37     1.503046767642627
5    30    38     1.503046767642627
5    30    39     1.503046767642627
5    30    40     1.503046767642627
5    31    30     1.5030467676438
5    31    31     1.503046767643911
5    31    32     1.503046767643868
5    31    33     1.503046767643884
5    31    34     1.503046767643879
5    31    35     1.503046767643881
5    31    36     1.50304676764388
5    31    37     1.50304676764388
5    31    38     1.50304676764388
5    31    39     1.50304676764388
5    31    40     1.50304676764388
5    32    30     1.503046767643236
5    32    31     1.503046767643348
5    32    32     1.503046767643306
5    32    33     1.503046767643321
5    32    34     1.503046767643315
5    32    35     1.503046767643318
5    32    36     1.503046767643316
5    32    37     1.503046767643318
5    32    38     1.503046767643317
5    32    39     1.503046767643317
5    32    40     1.503046767643317
5    33    30     1.50304676764349
5    33    31     1.503046767643601
5    33    32     1.503046767643558
5    33    33     1.503046767643575
5    33    34     1.503046767643568
5    33    35     1.503046767643571
5    33    36     1.50304676764357
5    33    37     1.503046767643571
5    33    38     1.50304676764357
5    33    39     1.50304676764357
5    33    40     1.503046767643571
5    34    30     1.503046767643376
5    34    31     1.503046767643487
5    34    32     1.503046767643445
5    34    33     1.503046767643461
5    34    34     1.503046767643454
5    34    35     1.503046767643457
5    34    36     1.503046767643456
5    34    37     1.503046767643457
5    34    38     1.503046767643457
5    34    39     1.503046767643457
5    34    40     1.503046767643457
5    35    30     1.503046767643427
5    35    31     1.503046767643538
5    35    32     1.503046767643495
5    35    33     1.503046767643512
5    35    34     1.503046767643505
5    35    35     1.503046767643507
5    35    36     1.503046767643506
5    35    37     1.503046767643507
5    35    38     1.503046767643507
5    35    39     1.503046767643507
5    35    40     1.503046767643507
5    36    30     1.503046767643404
5    36    31     1.503046767643516
5    36    32     1.503046767643472
5    36    33     1.503046767643489
5    36    34     1.503046767643482
5    36    35     1.503046767643485
5    36    36     1.503046767643484
5    36    37     1.503046767643484
5    36    38     1.503046767643484
5    36    39     1.503046767643484
5    36    40     1.503046767643483
5    37    30     1.503046767643415
5    37    31     1.503046767643526
5    37    32     1.503046767643483
5    37    33     1.5030467676435
5    37    34     1.503046767643494
5    37    35     1.503046767643496
5    37    36     1.503046767643495
5    37    37     1.503046767643496
5    37    38     1.503046767643496
5    37    39     1.503046767643496
5    37    40     1.503046767643496
5    38    30     1.503046767643408
5    38    31     1.50304676764352
5    38    32     1.503046767643477
5    38    33     1.503046767643493
5    38    34     1.503046767643486
5    38    35     1.503046767643489
5    38    36     1.503046767643488
5    38    37     1.503046767643489
5    38    38     1.503046767643489
5    38    39     1.503046767643488
5    38    40     1.503046767643489
5    39    30     1.503046767643413
5    39    31     1.503046767643524
5    39    32     1.503046767643481
5    39    33     1.503046767643498
5    39    34     1.503046767643491
5    39    35     1.503046767643494
5    39    36     1.503046767643493
5    39    37     1.503046767643493
5    39    38     1.503046767643493
5    39    39     1.503046767643493
5    39    40     1.503046767643493
5    40    30     1.503046767643412
5    40    31     1.503046767643524
5    40    32     1.503046767643481
5    40    33     1.503046767643497
5    40    34     1.503046767643491
5    40    35     1.503046767643493
5    40    36     1.503046767643492
5    40    37     1.503046767643492
5    40    38     1.503046767643493
5    40    39     1.503046767643493
5    40    40     1.503046767643493
6    30    30     1.503048208720062
6    30    31     1.503048208730682
6    30    32     1.503048208725811
6    30    33     1.503048208728045
6    30    34     1.50304820872702
6    30    35     1.50304820872749
6    30    36     1.503048208727274
6    30    37     1.503048208727374
6    30    38     1.503048208727328
6    30    39     1.503048208727349
6    30    40     1.50304820872734
6    31    30     1.503048208720074
6    31    31     1.503048208730695
6    31    32     1.503048208725823
6    31    33     1.503048208728058
6    31    34     1.503048208727033
6    31    35     1.503048208727504
6    31    36     1.503048208727287
6    31    37     1.503048208727387
6    31    38     1.503048208727341
6    31    39     1.503048208727361
6    31    40     1.503048208727352
6    32    30     1.50304820872007
6    32    31     1.50304820873069
6    32    32     1.503048208725819
6    32    33     1.503048208728053
6    32    34     1.503048208727028
6    32    35     1.503048208727498
6    32    36     1.503048208727282
6    32    37     1.503048208727382
6    32    38     1.503048208727336
6    32    39     1.503048208727357
6    32    40     1.503048208727348
6    33    30     1.503048208720071
6    33    31     1.503048208730692
6    33    32     1.503048208725821
6    33    33     1.503048208728055
6    33    34     1.50304820872703
6    33    35     1.5030482087275
6    33    36     1.503048208727284
6    33    37     1.503048208727383
6    33    38     1.503048208727338
6    33    39     1.503048208727358
6    33    40     1.50304820872735
6    34    30     1.503048208720071
6    34    31     1.503048208730692
6    34    32     1.50304820872582
6    34    33     1.503048208728055
6    34    34     1.50304820872703
6    34    35     1.503048208727501
6    34    36     1.503048208727285
6    34    37     1.503048208727384
6    34    38     1.503048208727338
6    34    39     1.503048208727359
6    34    40     1.50304820872735
6    35    30     1.503048208720071
6    35    31     1.503048208730692
6    35    32     1.503048208725819
6    35    33     1.503048208728055
6    35    34     1.503048208727029
6    35    35     1.5030482087275
6    35    36     1.503048208727285
6    35    37     1.503048208727384
6    35    38     1.503048208727338
6    35    39     1.503048208727359
6    35    40     1.503048208727349
6    36    30     1.50304820872007
6    36    31     1.503048208730692
6    36    32     1.503048208725819
6    36    33     1.503048208728055
6    36    34     1.503048208727029
6    36    35     1.503048208727499
6    36    36     1.503048208727283
6    36    37     1.503048208727382
6    36    38     1.503048208727337
6    36    39     1.503048208727357
6    36    40     1.503048208727348
6    37    30     1.503048208720069
6    37    31     1.50304820873069
6    37    32     1.503048208725818
6    37    33     1.503048208728053
6    37    34     1.503048208727028
6    37    35     1.503048208727498
6    37    36     1.503048208727283
6    37    37     1.503048208727381
6    37    38     1.503048208727336
6    37    39     1.503048208727358
6    37    40     1.503048208727347
6    38    30     1.503048208720072
6    38    31     1.503048208730692
6    38    32     1.50304820872582
6    38    33     1.503048208728055
6    38    34     1.50304820872703
6    38    35     1.503048208727501
6    38    36     1.503048208727285
6    38    37     1.503048208727384
6    38    38     1.503048208727338
6    38    39     1.503048208727359
6    38    40     1.503048208727349
6    39    30     1.503048208720071
6    39    31     1.503048208730691
6    39    32     1.50304820872582
6    39    33     1.503048208728055
6    39    34     1.503048208727029
6    39    35     1.5030482087275
6    39    36     1.503048208727284
6    39    37     1.503048208727383
6    39    38     1.503048208727338
6    39    39     1.503048208727359
6    39    40     1.503048208727348
6    40    30     1.503048208720071
6    40    31     1.503048208730691
6    40    32     1.50304820872582
6    40    33     1.503048208728054
6    40    34     1.50304820872703
6    40    35     1.503048208727499
6    40    36     1.503048208727284
6    40    37     1.503048208727383
6    40    38     1.503048208727338
6    40    39     1.503048208727359
6    40    40     1.503048208727349
7    30    30     1.503048067572057
7    30    31     1.503048067572766
7    30    32     1.503048067572475
7    30    33     1.503048067572594
7    30    34     1.503048067572544
7    30    35     1.503048067572565
7    30    36     1.503048067572556
7    30    37     1.503048067572561
7    30    38     1.503048067572558
7    30    39     1.503048067572559
7    30    40     1.503048067572558
7    31    30     1.50304806757352
7    31    31     1.503048067574231
7    31    32     1.503048067573939
7    31    33     1.503048067574058
7    31    34     1.503048067574009
7    31    35     1.50304806757403
7    31    36     1.503048067574021
7    31    37     1.503048067574025
7    31    38     1.503048067574023
7    31    39     1.503048067574024
7    31    40     1.503048067574023
7    32    30     1.503048067572849
7    32    31     1.503048067573558
7    32    32     1.503048067573268
7    32    33     1.503048067573387
7    32    34     1.503048067573338
7    32    35     1.503048067573357
7    32    36     1.503048067573349
7    32    37     1.503048067573354
7    32    38     1.503048067573352
7    32    39     1.503048067573353
7    32    40     1.503048067573352
7    33    30     1.503048067573158
7    33    31     1.503048067573866
7    33    32     1.503048067573576
7    33    33     1.503048067573695
7    33    34     1.503048067573647
7    33    35     1.503048067573667
7    33    36     1.503048067573658
7    33    37     1.503048067573661
7    33    38     1.50304806757366
7    33    39     1.503048067573661
7    33    40     1.50304806757366
7    34    30     1.503048067573017
7    34    31     1.503048067573726
7    34    32     1.503048067573434
7    34    33     1.503048067573553
7    34    34     1.503048067573505
7    34    35     1.503048067573524
7    34    36     1.503048067573516
7    34    37     1.50304806757352
7    34    38     1.503048067573519
7    34    39     1.50304806757352
7    34    40     1.503048067573519
7    35    30     1.50304806757308
7    35    31     1.503048067573791
7    35    32     1.503048067573499
7    35    33     1.503048067573618
7    35    34     1.50304806757357
7    35    35     1.503048067573589
7    35    36     1.503048067573581
7    35    37     1.503048067573585
7    35    38     1.503048067573582
7    35    39     1.503048067573584
7    35    40     1.503048067573583
7    36    30     1.503048067573051
7    36    31     1.503048067573762
7    36    32     1.503048067573469
7    36    33     1.503048067573589
7    36    34     1.503048067573541
7    36    35     1.50304806757356
7    36    36     1.503048067573552
7    36    37     1.503048067573555
7    36    38     1.503048067573555
7    36    39     1.503048067573555
7    36    40     1.503048067573555
7    37    30     1.503048067573064
7    37    31     1.503048067573774
7    37    32     1.503048067573482
7    37    33     1.503048067573602
7    37    34     1.503048067573553
7    37    35     1.503048067573573
7    37    36     1.503048067573566
7    37    37     1.503048067573568
7    37    38     1.503048067573566
7    37    39     1.503048067573567
7    37    40     1.503048067573566
7    38    30     1.503048067573058
7    38    31     1.503048067573769
7    38    32     1.503048067573477
7    38    33     1.503048067573597
7    38    34     1.503048067573547
7    38    35     1.503048067573568
7    38    36     1.50304806757356
7    38    37     1.503048067573563
7    38    38     1.503048067573562
7    38    39     1.503048067573562
7    38    40     1.503048067573562
7    39    30     1.503048067573061
7    39    31     1.503048067573769
7    39    32     1.503048067573478
7    39    33     1.503048067573598
7    39    34     1.503048067573549
7    39    35     1.503048067573569
7    39    36     1.503048067573561
7    39    37     1.503048067573564
7    39    38     1.503048067573563
7    39    39     1.503048067573563
7    39    40     1.503048067573563
7    40    30     1.503048067573062
7    40    31     1.503048067573771
7    40    32     1.503048067573479
7    40    33     1.503048067573599
7    40    34     1.50304806757355
7    40    35     1.50304806757357
7    40    36     1.503048067573562
7    40    37     1.503048067573565
7    40    38     1.503048067573564
7    40    39     1.503048067573564
7    40    40     1.503048067573565
8    30    30     1.503048083703753
8    30    31     1.5030480837138
8    30    32     1.503048083709139
8    30    33     1.503048083711301
8    30    34     1.503048083710298
8    30    35     1.503048083710764
8    30    36     1.503048083710548
8    30    37     1.503048083710648
8    30    38     1.503048083710602
8    30    39     1.503048083710623
8    30    40     1.503048083710613
8    31    30     1.503048083703838
8    31    31     1.503048083713885
8    31    32     1.503048083709224
8    31    33     1.503048083711386
8    31    34     1.503048083710382
8    31    35     1.503048083710848
8    31    36     1.503048083710632
8    31    37     1.503048083710732
8    31    38     1.503048083710686
8    31    39     1.503048083710707
8    31    40     1.503048083710697
8    32    30     1.503048083703803
8    32    31     1.503048083713849
8    32    32     1.503048083709189
8    32    33     1.503048083711352
8    32    34     1.503048083710348
8    32    35     1.503048083710813
8    32    36     1.503048083710598
8    32    37     1.503048083710698
8    32    38     1.503048083710651
8    32    39     1.503048083710673
8    32    40     1.503048083710663
8    33    30     1.503048083703818
8    33    31     1.503048083713863
8    33    32     1.503048083709203
8    33    33     1.503048083711366
8    33    34     1.503048083710363
8    33    35     1.503048083710828
8    33    36     1.503048083710612
8    33    37     1.503048083710713
8    33    38     1.503048083710667
8    33    39     1.503048083710688
8    33    40     1.503048083710677
8    34    30     1.503048083703812
8    34    31     1.503048083713858
8    34    32     1.503048083709196
8    34    33     1.503048083711359
8    34    34     1.503048083710355
8    34    35     1.503048083710821
8    34    36     1.503048083710604
8    34    37     1.503048083710703
8    34    38     1.503048083710659
8    34    39     1.503048083710681
8    34    40     1.50304808371067
8    35    30     1.503048083703815
8    35    31     1.503048083713861
8    35    32     1.503048083709199
8    35    33     1.503048083711363
8    35    34     1.503048083710358
8    35    35     1.503048083710824
8    35    36     1.503048083710608
8    35    37     1.503048083710708
8    35    38     1.503048083710661
8    35    39     1.503048083710684
8    35    40     1.503048083710672
8    36    30     1.503048083703814
8    36    31     1.50304808371386
8    36    32     1.503048083709198
8    36    33     1.503048083711362
8    36    34     1.503048083710359
8    36    35     1.503048083710824
8    36    36     1.503048083710607
8    36    37     1.503048083710708
8    36    38     1.503048083710661
8    36    39     1.503048083710683
8    36    40     1.503048083710673
8    37    30     1.503048083703814
8    37    31     1.503048083713861
8    37    32     1.503048083709199
8    37    33     1.503048083711362
8    37    34     1.503048083710359
8    37    35     1.503048083710823
8    37    36     1.503048083710608
8    37    37     1.503048083710709
8    37    38     1.503048083710662
8    37    39     1.503048083710684
8    37    40     1.503048083710674
8    38    30     1.503048083703812
8    38    31     1.50304808371386
8    38    32     1.503048083709197
8    38    33     1.50304808371136
8    38    34     1.503048083710357
8    38    35     1.503048083710823
8    38    36     1.503048083710605
8    38    37     1.503048083710706
8    38    38     1.50304808371066
8    38    39     1.503048083710681
8    38    40     1.503048083710671
8    39    30     1.503048083703814
8    39    31     1.503048083713861
8    39    32     1.503048083709199
8    39    33     1.503048083711362
8    39    34     1.503048083710358
8    39    35     1.503048083710826
8    39    36     1.503048083710608
8    39    37     1.503048083710708
8    39    38     1.503048083710661
8    39    39     1.503048083710684
8    39    40     1.503048083710673
8    40    30     1.503048083703814
8    40    31     1.50304808371386
8    40    32     1.5030480837092
8    40    33     1.503048083711362
8    40    34     1.503048083710358
8    40    35     1.503048083710824
8    40    36     1.503048083710609
8    40    37     1.503048083710709
8    40    38     1.503048083710662
8    40    39     1.503048083710685
8    40    40     1.503048083710674
9    30    30     1.503048082287072
9    30    31     1.503048082288901
9    30    32     1.503048082288117
9    30    33     1.503048082288453
9    30    34     1.50304808228831
9    30    35     1.503048082288371
9    30    36     1.503048082288345
9    30    37     1.503048082288357
9    30    38     1.503048082288353
9    30    39     1.503048082288355
9    30    40     1.503048082288354
9    31    30     1.503048082288483
9    31    31     1.503048082290315
9    31    32     1.50304808228953
9    31    33     1.503048082289865
9    31    34     1.503048082289721
9    31    35     1.503048082289781
9    31    36     1.503048082289755
9    31    37     1.503048082289768
9    31    38     1.503048082289762
9    31    39     1.503048082289764
9    31    40     1.503048082289762
9    32    30     1.503048082287826
9    32    31     1.503048082289656
9    32    32     1.503048082288875
9    32    33     1.503048082289208
9    32    34     1.503048082289066
9    32    35     1.503048082289126
9    32    36     1.503048082289099
9    32    37     1.503048082289109
9    32    38     1.503048082289106
9    32    39     1.503048082289109
9    32    40     1.503048082289106
9    33    30     1.503048082288132
9    33    31     1.503048082289958
9    33    32     1.503048082289179
9    33    33     1.503048082289512
9    33    34     1.503048082289371
9    33    35     1.503048082289429
9    33    36     1.503048082289406
9    33    37     1.503048082289415
9    33    38     1.503048082289411
9    33    39     1.503048082289413
9    33    40     1.503048082289412
9    34    30     1.503048082287995
9    34    31     1.503048082289821
9    34    32     1.50304808228904
9    34    33     1.503048082289373
9    34    34     1.503048082289233
9    34    35     1.503048082289292
9    34    36     1.503048082289268
9    34    37     1.503048082289279
9    34    38     1.503048082289274
9    34    39     1.503048082289276
9    34    40     1.503048082289274
9    35    30     1.503048082288053
9    35    31     1.503048082289883
9    35    32     1.503048082289099
9    35    33     1.503048082289435
9    35    34     1.503048082289292
9    35    35     1.503048082289351
9    35    36     1.503048082289326
9    35    37     1.503048082289338
9    35    38     1.503048082289332
9    35    39     1.503048082289334
9    35    40     1.503048082289334
9    36    30     1.503048082288027
9    36    31     1.503048082289856
9    36    32     1.503048082289073
9    36    33     1.503048082289409
9    36    34     1.503048082289265
9    36    35     1.503048082289326
9    36    36     1.503048082289301
9    36    37     1.503048082289311
9    36    38     1.503048082289308
9    36    39     1.503048082289309
9    36    40     1.503048082289308
9    37    30     1.503048082288039
9    37    31     1.503048082289867
9    37    32     1.503048082289083
9    37    33     1.50304808228942
9    37    34     1.503048082289276
9    37    35     1.503048082289337
9    37    36     1.503048082289312
9    37    37     1.503048082289323
9    37    38     1.503048082289317
9    37    39     1.50304808228932
9    37    40     1.503048082289319
9    38    30     1.503048082288035
9    38    31     1.503048082289864
9    38    32     1.503048082289081
9    38    33     1.503048082289416
9    38    34     1.503048082289274
9    38    35     1.503048082289334
9    38    36     1.503048082289308
9    38    37     1.50304808228932
9    38    38     1.503048082289314
9    38    39     1.503048082289316
9    38    40     1.503048082289315
9    39    30     1.503048082288036
9    39    31     1.503048082289865
9    39    32     1.503048082289083
9    39    33     1.503048082289416
9    39    34     1.503048082289273
9    39    35     1.503048082289334
9    39    36     1.503048082289308
9    39    37     1.50304808228932
9    39    38     1.503048082289315
9    39    39     1.503048082289316
9    39    40     1.503048082289315
9    40    30     1.503048082288035
9    40    31     1.503048082289864
9    40    32     1.503048082289083
9    40    33     1.503048082289418
9    40    34     1.503048082289272
9    40    35     1.503048082289334
9    40    36     1.503048082289309
9    40    37     1.503048082289319
9    40    38     1.503048082289316
9    40    39     1.503048082289318
9    40    40     1.503048082289316
10    30    30     1.503048082477654
10    30    31     1.503048082486502
10    30    32     1.50304808248237
10    30    33     1.5030480824843
10    30    34     1.503048082483398
10    30    35     1.503048082483822
10    30    36     1.503048082483623
10    30    37     1.503048082483716
10    30    38     1.503048082483673
10    30    39     1.503048082483695
10    30    40     1.503048082483686
10    31    30     1.503048082477886
10    31    31     1.503048082486734
10    31    32     1.503048082482602
10    31    33     1.503048082484532
10    31    34     1.50304808248363
10    31    35     1.503048082484053
10    31    36     1.503048082483853
10    31    37     1.503048082483945
10    31    38     1.503048082483901
10    31    39     1.503048082483923
10    31    40     1.503048082483911
10    32    30     1.503048082477787
10    32    31     1.503048082486634
10    32    32     1.503048082482504
10    32    33     1.503048082484432
10    32    34     1.503048082483531
10    32    35     1.503048082483952
10    32    36     1.503048082483756
10    32    37     1.503048082483847
10    32    38     1.503048082483804
10    32    39     1.503048082483827
10    32    40     1.503048082483818
10    33    30     1.503048082477828
10    33    31     1.503048082486673
10    33    32     1.503048082482542
10    33    33     1.503048082484472
10    33    34     1.503048082483573
10    33    35     1.503048082483993
10    33    36     1.503048082483796
10    33    37     1.503048082483887
10    33    38     1.503048082483845
10    33    39     1.503048082483863
10    33    40     1.503048082483853
10    34    30     1.503048082477811
10    34    31     1.503048082486661
10    34    32     1.503048082482528
10    34    33     1.503048082484457
10    34    34     1.503048082483556
10    34    35     1.503048082483977
10    34    36     1.503048082483781
10    34    37     1.503048082483873
10    34    38     1.503048082483831
10    34    39     1.503048082483851
10    34    40     1.503048082483839
10    35    30     1.50304808247782
10    35    31     1.503048082486667
10    35    32     1.503048082482537
10    35    33     1.503048082484466
10    35    34     1.503048082483566
10    35    35     1.503048082483986
10    35    36     1.503048082483789
10    35    37     1.503048082483881
10    35    38     1.503048082483839
10    35    39     1.503048082483859
10    35    40     1.503048082483851
10    36    30     1.503048082477811
10    36    31     1.503048082486657
10    36    32     1.503048082482528
10    36    33     1.503048082484457
10    36    34     1.503048082483555
10    36    35     1.503048082483977
10    36    36     1.503048082483781
10    36    37     1.503048082483872
10    36    38     1.503048082483829
10    36    39     1.503048082483848
10    36    40     1.503048082483839
10    37    30     1.50304808247782
10    37    31     1.503048082486666
10    37    32     1.503048082482533
10    37    33     1.503048082484463
10    37    34     1.503048082483562
10    37    35     1.503048082483983
10    37    36     1.503048082483784
10    37    37     1.503048082483878
10    37    38     1.503048082483835
10    37    39     1.503048082483853
10    37    40     1.503048082483844
10    38    30     1.503048082477817
10    38    31     1.503048082486667
10    38    32     1.503048082482537
10    38    33     1.503048082484464
10    38    34     1.503048082483562
10    38    35     1.503048082483985
10    38    36     1.503048082483788
10    38    37     1.503048082483879
10    38    38     1.503048082483839
10    38    39     1.503048082483856
10    38    40     1.503048082483847
10    39    30     1.503048082477813
10    39    31     1.503048082486662
10    39    32     1.503048082482531
10    39    33     1.503048082484461
10    39    34     1.503048082483559
10    39    35     1.503048082483981
10    39    36     1.503048082483784
10    39    37     1.503048082483874
10    39    38     1.503048082483835
10    39    39     1.503048082483851
10    39    40     1.503048082483843
10    40    30     1.503048082477819
10    40    31     1.503048082486667
10    40    32     1.503048082482535
10    40    33     1.503048082484465
10    40    34     1.503048082483561
10    40    35     1.503048082483984
10    40    36     1.503048082483788
10    40    37     1.503048082483878
10    40    38     1.503048082483837
10    40    39     1.503048082483855
10    40    40     1.503048082483845
11    30    30     1.503048082469378
11    30    31     1.503048082472452
11    30    32     1.503048082471101
11    30    33     1.503048082471694
11    30    34     1.503048082471435
11    30    35     1.503048082471548
11    30    36     1.5030480824715
11    30    37     1.503048082471521
11    30    38     1.503048082471508
11    30    39     1.503048082471514
11    30    40     1.503048082471514
11    31    30     1.50304808247063
11    31    31     1.503048082473704
11    31    32     1.503048082472355
11    31    33     1.503048082472946
11    31    34     1.50304808247269
11    31    35     1.503048082472801
11    31    36     1.503048082472751
11    31    37     1.503048082472775
11    31    38     1.503048082472764
11    31    39     1.503048082472769
11    31    40     1.503048082472766
11    32    30     1.503048082470043
11    32    31     1.503048082473114
11    32    32     1.503048082471768
11    32    33     1.503048082472359
11    32    34     1.5030480824721
11    32    35     1.503048082472212
11    32    36     1.503048082472162
11    32    37     1.503048082472186
11    32    38     1.503048082472175
11    32    39     1.50304808247218
11    32    40     1.503048082472179
11    33    30     1.503048082470321
11    33    31     1.503048082473393
11    33    32     1.503048082472042
11    33    33     1.503048082472636
11    33    34     1.503048082472376
11    33    35     1.503048082472491
11    33    36     1.503048082472441
11    33    37     1.503048082472463
11    33    38     1.503048082472453
11    33    39     1.503048082472456
11    33    40     1.503048082472457
11    34    30     1.503048082470194
11    34    31     1.503048082473269
11    34    32     1.503048082471916
11    34    33     1.503048082472511
11    34    34     1.503048082472249
11    34    35     1.503048082472362
11    34    36     1.503048082472313
11    34    37     1.503048082472332
11    34    38     1.503048082472325
11    34    39     1.503048082472327
11    34    40     1.503048082472329
11    35    30     1.503048082470246
11    35    31     1.503048082473321
11    35    32     1.503048082471968
11    35    33     1.503048082472565
11    35    34     1.503048082472302
11    35    35     1.503048082472416
11    35    36     1.503048082472368
11    35    37     1.503048082472391
11    35    38     1.503048082472379
11    35    39     1.503048082472383
11    35    40     1.503048082472382
11    36    30     1.503048082470223
11    36    31     1.503048082473299
11    36    32     1.503048082471946
11    36    33     1.503048082472541
11    36    34     1.50304808247228
11    36    35     1.503048082472395
11    36    36     1.503048082472341
11    36    37     1.503048082472369
11    36    38     1.503048082472355
11    36    39     1.503048082472359
11    36    40     1.50304808247236
11    37    30     1.503048082470236
11    37    31     1.503048082473309
11    37    32     1.503048082471961
11    37    33     1.503048082472551
11    37    34     1.503048082472292
11    37    35     1.503048082472408
11    37    36     1.503048082472353
11    37    37     1.503048082472378
11    37    38     1.503048082472368
11    37    39     1.50304808247237
11    37    40     1.503048082472368
11    38    30     1.503048082470225
11    38    31     1.503048082473299
11    38    32     1.503048082471952
11    38    33     1.503048082472542
11    38    34     1.50304808247228
11    38    35     1.503048082472397
11    38    36     1.503048082472348
11    38    37     1.50304808247237
11    38    38     1.50304808247236
11    38    39     1.503048082472363
11    38    40     1.503048082472363
11    39    30     1.503048082470236
11    39    31     1.503048082473309
11    39    32     1.503048082471958
11    39    33     1.503048082472553
11    39    34     1.50304808247229
11    39    35     1.503048082472406
11    39    36     1.503048082472353
11    39    37     1.503048082472376
11    39    38     1.50304808247237
11    39    39     1.503048082472372
11    39    40     1.503048082472373
11    40    30     1.503048082470229
11    40    31     1.503048082473305
11    40    32     1.503048082471955
11    40    33     1.503048082472549
11    40    34     1.503048082472287
11    40    35     1.503048082472402
11    40    36     1.503048082472351
11    40    37     1.503048082472373
11    40    38     1.503048082472362
11    40    39     1.503048082472367
11    40    40     1.503048082472367
12    30    30     1.503048082469719
12    30    31     1.503048082477399
12    30    32     1.503048082473808
12    30    33     1.50304808247549
12    30    34     1.503048082474704
12    30    35     1.50304808247507
12    30    36     1.503048082474899
12    30    37     1.503048082474979
12    30    38     1.503048082474943
12    30    39     1.503048082474957
12    30    40     1.503048082474951
12    31    30     1.503048082470123
12    31    31     1.503048082477803
12    31    32     1.503048082474213
12    31    33     1.503048082475894
12    31    34     1.503048082475108
12    31    35     1.503048082475473
12    31    36     1.503048082475304
12    31    37     1.503048082475382
12    31    38     1.503048082475346
12    31    39     1.503048082475364
12    31    40     1.503048082475354
12    32    30     1.503048082469945
12    32    31     1.503048082477624
12    32    32     1.503048082474032
12    32    33     1.503048082475712
12    32    34     1.503048082474929
12    32    35     1.503048082475292
12    32    36     1.503048082475123
12    32    37     1.503048082475203
12    32    38     1.503048082475166
12    32    39     1.503048082475184
12    32    40     1.503048082475175
12    33    30     1.503048082470024
12    33    31     1.503048082477708
12    33    32     1.503048082474116
12    33    33     1.503048082475795
12    33    34     1.503048082475012
12    33    35     1.503048082475378
12    33    36     1.503048082475207
12    33    37     1.503048082475283
12    33    38     1.503048082475247
12    33    39     1.503048082475261
12    33    40     1.503048082475257
12    34    30     1.503048082469988
12    34    31     1.503048082477672
12    34    32     1.503048082474077
12    34    33     1.503048082475757
12    34    34     1.503048082474971
12    34    35     1.503048082475342
12    34    36     1.50304808247517
12    34    37     1.503048082475249
12    34    38     1.503048082475216
12    34    39     1.503048082475228
12    34    40     1.503048082475224
12    35    30     1.503048082470005
12    35    31     1.503048082477689
12    35    32     1.503048082474096
12    35    33     1.503048082475778
12    35    34     1.503048082474987
12    35    35     1.503048082475358
12    35    36     1.503048082475184
12    35    37     1.503048082475264
12    35    38     1.503048082475227
12    35    39     1.503048082475243
12    35    40     1.503048082475239
12    36    30     1.503048082469997
12    36    31     1.503048082477678
12    36    32     1.503048082474084
12    36    33     1.503048082475767
12    36    34     1.503048082474979
12    36    35     1.50304808247535
12    36    36     1.503048082475175
12    36    37     1.503048082475257
12    36    38     1.50304808247522
12    36    39     1.503048082475238
12    36    40     1.503048082475227
12    37    30     1.503048082469999
12    37    31     1.503048082477681
12    37    32     1.503048082474088
12    37    33     1.503048082475768
12    37    34     1.503048082474982
12    37    35     1.503048082475349
12    37    36     1.503048082475179
12    37    37     1.503048082475258
12    37    38     1.503048082475223
12    37    39     1.503048082475238
12    37    40     1.503048082475233
12    38    30     1.503048082469998
12    38    31     1.503048082477681
12    38    32     1.503048082474087
12    38    33     1.503048082475769
12    38    34     1.503048082474984
12    38    35     1.503048082475348
12    38    36     1.503048082475178
12    38    37     1.503048082475256
12    38    38     1.503048082475221
12    38    39     1.503048082475239
12    38    40     1.503048082475231
12    39    30     1.503048082470002
12    39    31     1.503048082477687
12    39    32     1.503048082474092
12    39    33     1.503048082475774
12    39    34     1.503048082474986
12    39    35     1.503048082475355
12    39    36     1.503048082475182
12    39    37     1.503048082475263
12    39    38     1.503048082475223
12    39    39     1.503048082475246
12    39    40     1.503048082475235
12    40    30     1.503048082469999
12    40    31     1.503048082477683
12    40    32     1.50304808247409
12    40    33     1.503048082475775
12    40    34     1.503048082474986
12    40    35     1.503048082475352
12    40    36     1.503048082475181
12    40    37     1.503048082475262
12    40    38     1.503048082475223
12    40    39     1.503048082475244
12    40    40     1.503048082475233
13    30    30     1.503048082471683
13    30    31     1.503048082475786
13    30    32     1.503048082473954
13    30    33     1.503048082474768
13    30    34     1.503048082474405
13    30    35     1.503048082474564
13    30    36     1.503048082474496
13    30    37     1.503048082474528
13    30    38     1.503048082474515
13    30    39     1.50304808247452
13    30    40     1.503048082474517
13    31    30     1.503048082472773
13    31    31     1.503048082476879
13    31    32     1.503048082475049
13    31    33     1.503048082475861
13    31    34     1.503048082475502
13    31    35     1.503048082475659
13    31    36     1.503048082475588
13    31    37     1.503048082475623
13    31    38     1.503048082475608
13    31    39     1.503048082475615
13    31    40     1.503048082475608
13    32    30     1.503048082472261
13    32    31     1.503048082476368
13    32    32     1.503048082474539
13    32    33     1.503048082475353
13    32    34     1.503048082474991
13    32    35     1.50304808247515
13    32    36     1.503048082475074
13    32    37     1.503048082475111
13    32    38     1.503048082475095
13    32    39     1.503048082475107
13    32    40     1.503048082475099
13    33    30     1.503048082472497
13    33    31     1.503048082476605
13    33    32     1.503048082474771
13    33    33     1.50304808247559
13    33    34     1.503048082475225
13    33    35     1.503048082475389
13    33    36     1.503048082475318
13    33    37     1.503048082475347
13    33    38     1.503048082475333
13    33    39     1.50304808247534
13    33    40     1.503048082475338
13    34    30     1.503048082472383
13    34    31     1.503048082476492
13    34    32     1.503048082474657
13    34    33     1.503048082475477
13    34    34     1.503048082475112
13    34    35     1.503048082475272
13    34    36     1.5030480824752
13    34    37     1.503048082475234
13    34    38     1.503048082475221
13    34    39     1.503048082475225
13    34    40     1.503048082475224
13    35    30     1.503048082472439
13    35    31     1.50304808247655
13    35    32     1.503048082474715
13    35    33     1.503048082475529
13    35    34     1.503048082475164
13    35    35     1.503048082475332
13    35    36     1.503048082475254
13    35    37     1.503048082475283
13    35    38     1.503048082475273
13    35    39     1.503048082475277
13    35    40     1.503048082475277
13    36    30     1.503048082472417
13    36    31     1.503048082476523
13    36    32     1.503048082474693
13    36    33     1.50304808247551
13    36    34     1.503048082475145
13    36    35     1.503048082475308
13    36    36     1.503048082475237
13    36    37     1.503048082475269
13    36    38     1.503048082475256
13    36    39     1.503048082475259
13    36    40     1.50304808247526
13    37    30     1.50304808247243
13    37    31     1.503048082476538
13    37    32     1.5030480824747
13    37    33     1.503048082475518
13    37    34     1.503048082475157
13    37    35     1.503048082475318
13    37    36     1.503048082475243
13    37    37     1.503048082475275
13    37    38     1.503048082475263
13    37    39     1.503048082475268
13    37    40     1.503048082475267
13    38    30     1.503048082472414
13    38    31     1.503048082476526
13    38    32     1.503048082474691
13    38    33     1.503048082475507
13    38    34     1.503048082475143
13    38    35     1.503048082475306
13    38    36     1.503048082475234
13    38    37     1.503048082475265
13    38    38     1.503048082475251
13    38    39     1.50304808247526
13    38    40     1.503048082475255
13    39    30     1.503048082472423
13    39    31     1.50304808247653
13    39    32     1.503048082474697
13    39    33     1.503048082475516
13    39    34     1.503048082475153
13    39    35     1.503048082475314
13    39    36     1.503048082475241
13    39    37     1.503048082475275
13    39    38     1.503048082475256
13    39    39     1.503048082475266
13    39    40     1.503048082475261
13    40    30     1.503048082472425
13    40    31     1.503048082476534
13    40    32     1.503048082474697
13    40    33     1.503048082475513
13    40    34     1.503048082475148
13    40    35     1.503048082475312
13    40    36     1.503048082475238
13    40    37     1.503048082475274
13    40    38     1.503048082475255
13    40    39     1.503048082475263
13    40    40     1.50304808247526
14    30    30     1.503048082470299
14    30    31     1.503048082477112
14    30    32     1.503048082473929
14    30    33     1.503048082475413
14    30    34     1.503048082474721
14    30    35     1.503048082475045
14    30    36     1.503048082474892
14    30    37     1.503048082474963
14    30    38     1.503048082474931
14    30    39     1.503048082474952
14    30    40     1.50304808247494
14    31    30     1.503048082470851
14    31    31     1.503048082477665
14    31    32     1.503048082474486
14    31    33     1.503048082475971
14    31    34     1.503048082475273
14    31    35     1.5030480824756
14    31    36     1.503048082475449
14    31    37     1.503048082475522
14    31    38     1.503048082475486
14    31    39     1.503048082475503
14    31    40     1.503048082475489
14    32    30     1.503048082470601
14    32    31     1.50304808247741
14    32    32     1.503048082474237
14    32    33     1.503048082475719
14    32    34     1.503048082475027
14    32    35     1.503048082475352
14    32    36     1.503048082475199
14    32    37     1.503048082475269
14    32    38     1.503048082475236
14    32    39     1.503048082475252
14    32    40     1.503048082475251
14    33    30     1.503048082470717
14    33    31     1.503048082477523
14    33    32     1.503048082474352
14    33    33     1.503048082475833
14    33    34     1.503048082475137
14    33    35     1.503048082475462
14    33    36     1.503048082475308
14    33    37     1.503048082475381
14    33    38     1.503048082475351
14    33    39     1.503048082475363
14    33    40     1.503048082475356
14    34    30     1.503048082470668
14    34    31     1.503048082477475
14    34    32     1.503048082474298
14    34    33     1.503048082475783
14    34    34     1.503048082475086
14    34    35     1.503048082475415
14    34    36     1.503048082475262
14    34    37     1.503048082475327
14    34    38     1.503048082475298
14    34    39     1.50304808247532
14    34    40     1.503048082475309
14    35    30     1.503048082470684
14    35    31     1.503048082477493
14    35    32     1.503048082474318
14    35    33     1.503048082475806
14    35    34     1.503048082475109
14    35    35     1.50304808247543
14    35    36     1.503048082475286
14    35    37     1.503048082475352
14    35    38     1.503048082475317
14    35    39     1.503048082475332
14    35    40     1.503048082475328
14    36    30     1.503048082470671
14    36    31     1.503048082477485
14    36    32     1.503048082474308
14    36    33     1.503048082475793
14    36    34     1.5030480824751
14    36    35     1.503048082475419
14    36    36     1.503048082475268
14    36    37     1.50304808247534
14    36    38     1.503048082475309
14    36    39     1.50304808247532
14    36    40     1.503048082475317
14    37    30     1.503048082470679
14    37    31     1.503048082477488
14    37    32     1.503048082474312
14    37    33     1.503048082475797
14    37    34     1.503048082475102
14    37    35     1.503048082475424
14    37    36     1.503048082475273
14    37    37     1.503048082475349
14    37    38     1.503048082475313
14    37    39     1.503048082475332
14    37    40     1.503048082475324
14    38    30     1.503048082470675
14    38    31     1.503048082477485
14    38    32     1.503048082474309
14    38    33     1.503048082475796
14    38    34     1.503048082475104
14    38    35     1.50304808247543
14    38    36     1.503048082475271
14    38    37     1.503048082475346
14    38    38     1.50304808247531
14    38    39     1.503048082475322
14    38    40     1.503048082475316
14    39    30     1.503048082470681
14    39    31     1.503048082477493
14    39    32     1.503048082474314
14    39    33     1.503048082475798
14    39    34     1.503048082475102
14    39    35     1.503048082475429
14    39    36     1.503048082475279
14    39    37     1.503048082475348
14    39    38     1.503048082475316
14    39    39     1.503048082475329
14    39    40     1.503048082475318
14    40    30     1.503048082470678
14    40    31     1.503048082477488
14    40    32     1.503048082474311
14    40    33     1.503048082475797
14    40    34     1.503048082475099
14    40    35     1.50304808247542
14    40    36     1.50304808247527
14    40    37     1.503048082475344
14    40    38     1.503048082475314
14    40    39     1.503048082475331
14    40    40     1.50304808247532
15    30    30     1.503048082471352
15    30    31     1.503048082476167
15    30    32     1.503048082473992
15    30    33     1.503048082474982
15    30    34     1.503048082474528
15    30    35     1.503048082474733
15    30    36     1.503048082474639
15    30    37     1.503048082474679
15    30    38     1.50304808247467
15    30    39     1.503048082474671
15    30    40     1.503048082474663
15    31    30     1.503048082472325
15    31    31     1.503048082477136
15    31    32     1.503048082474963
15    31    33     1.503048082475946
15    31    34     1.503048082475501
15    31    35     1.503048082475705
15    31    36     1.503048082475612
15    31    37     1.503048082475645
15    31    38     1.503048082475638
15    31    39     1.503048082475641
15    31    40     1.503048082475634
15    32    30     1.503048082471879
15    32    31     1.503048082476687
15    32    32     1.503048082474514
15    32    33     1.503048082475504
15    32    34     1.50304808247505
15    32    35     1.503048082475251
15    32    36     1.503048082475171
15    32    37     1.503048082475203
15    32    38     1.50304808247519
15    32    39     1.503048082475199
15    32    40     1.50304808247519
15    33    30     1.503048082472084
15    33    31     1.503048082476886
15    33    32     1.503048082474714
15    33    33     1.503048082475701
15    33    34     1.503048082475254
15    33    35     1.503048082475453
15    33    36     1.503048082475362
15    33    37     1.503048082475401
15    33    38     1.503048082475384
15    33    39     1.503048082475393
15    33    40     1.503048082475394
15    34    30     1.503048082471995
15    34    31     1.503048082476797
15    34    32     1.503048082474622
15    34    33     1.503048082475607
15    34    34     1.503048082475162
15    34    35     1.503048082475365
15    34    36     1.503048082475278
15    34    37     1.503048082475315
15    34    38     1.503048082475295
15    34    39     1.503048082475304
15    34    40     1.5030480824753
15    35    30     1.503048082472031
15    35    31     1.503048082476841
15    35    32     1.503048082474671
15    35    33     1.503048082475649
15    35    34     1.503048082475199
15    35    35     1.503048082475402
15    35    36     1.503048082475312
15    35    37     1.503048082475352
15    35    38     1.503048082475335
15    35    39     1.503048082475348
15    35    40     1.503048082475343
15    36    30     1.50304808247201
15    36    31     1.503048082476823
15    36    32     1.503048082474642
15    36    33     1.503048082475638
15    36    34     1.50304808247519
15    36    35     1.50304808247539
15    36    36     1.503048082475304
15    36    37     1.503048082475342
15    36    38     1.50304808247532
15    36    39     1.503048082475324
15    36    40     1.503048082475331
15    37    30     1.503048082472019
15    37    31     1.503048082476841
15    37    32     1.50304808247466
15    37    33     1.503048082475642
15    37    34     1.503048082475201
15    37    35     1.503048082475396
15    37    36     1.503048082475305
15    37    37     1.50304808247535
15    37    38     1.503048082475332
15    37    39     1.503048082475337
15    37    40     1.503048082475331
15    38    30     1.503048082472003
15    38    31     1.503048082476817
15    38    32     1.503048082474643
15    38    33     1.503048082475629
15    38    34     1.503048082475184
15    38    35     1.503048082475382
15    38    36     1.503048082475287
15    38    37     1.503048082475335
15    38    38     1.503048082475318
15    38    39     1.503048082475327
15    38    40     1.503048082475321
15    39    30     1.503048082472019
15    39    31     1.503048082476832
15    39    32     1.503048082474655
15    39    33     1.503048082475638
15    39    34     1.503048082475196
15    39    35     1.503048082475396
15    39    36     1.503048082475302
15    39    37     1.503048082475346
15    39    38     1.503048082475327
15    39    39     1.503048082475339
15    39    40     1.503048082475333
15    40    30     1.503048082472019
15    40    31     1.503048082476826
15    40    32     1.503048082474655
15    40    33     1.503048082475637
15    40    34     1.503048082475193
15    40    35     1.503048082475392
15    40    36     1.503048082475303
15    40    37     1.503048082475347
15    40    38     1.503048082475321
15    40    39     1.503048082475332
15    40    40     1.503048082475334
16    30    30     1.503048082470598
16    30    31     1.503048082476862
16    30    32     1.503048082473954
16    30    33     1.503048082475307
16    30    34     1.50304808247468
16    30    35     1.503048082474972
16    30    36     1.503048082474838
16    30    37     1.503048082474906
16    30    38     1.503048082474865
16    30    39     1.503048082474885
16    30    40     1.503048082474873
16    31    30     1.503048082471261
16    31    31     1.503048082477519
16    31    32     1.503048082474612
16    31    33     1.503048082475965
16    31    34     1.503048082475338
16    31    35     1.50304808247563
16    31    36     1.503048082475489
16    31    37     1.503048082475554
16    31    38     1.50304808247552
16    31    39     1.503048082475544
16    31    40     1.50304808247553
16    32    30     1.503048082470972
16    32    31     1.503048082477225
16    32    32     1.503048082474314
16    32    33     1.503048082475659
16    32    34     1.503048082475039
16    32    35     1.503048082475332
16    32    36     1.503048082475196
16    32    37     1.503048082475261
16    32    38     1.503048082475224
16    32    39     1.503048082475247
16    32    40     1.503048082475247
16    33    30     1.503048082471096
16    33    31     1.503048082477363
16    33    32     1.503048082474453
16    33    33     1.503048082475801
16    33    34     1.503048082475178
16    33    35     1.503048082475472
16    33    36     1.503048082475328
16    33    37     1.503048082475394
16    33    38     1.503048082475363
16    33    39     1.50304808247538
16    33    40     1.503048082475378
16    34    30     1.503048082471042
16    34    31     1.503048082477307
16    34    32     1.503048082474391
16    34    33     1.503048082475748
16    34    34     1.503048082475118
16    34    35     1.503048082475411
16    34    36     1.503048082475277
16    34    37     1.503048082475343
16    34    38     1.503048082475296
16    34    39     1.50304808247532
16    34    40     1.503048082475314
16    35    30     1.503048082471058
16    35    31     1.503048082477318
16    35    32     1.503048082474406
16    35    33     1.503048082475758
16    35    34     1.503048082475132
16    35    35     1.503048082475426
16    35    36     1.503048082475288
16    35    37     1.503048082475357
16    35    38     1.503048082475326
16    35    39     1.503048082475335
16    35    40     1.503048082475323
16    36    30     1.503048082471063
16    36    31     1.503048082477311
16    36    32     1.503048082474409
16    36    33     1.503048082475761
16    36    34     1.503048082475133
16    36    35     1.503048082475422
16    36    36     1.503048082475285
16    36    37     1.503048082475349
16    36    38     1.503048082475321
16    36    39     1.503048082475343
16    36    40     1.503048082475334
16    37    30     1.503048082471061
16    37    31     1.503048082477313
16    37    32     1.503048082474412
16    37    33     1.503048082475753
16    37    34     1.503048082475132
16    37    35     1.503048082475426
16    37    36     1.503048082475291
16    37    37     1.503048082475353
16    37    38     1.503048082475322
16    37    39     1.503048082475335
16    37    40     1.503048082475337
16    38    30     1.503048082471066
16    38    31     1.503048082477319
16    38    32     1.503048082474414
16    38    33     1.503048082475769
16    38    34     1.503048082475138
16    38    35     1.503048082475426
16    38    36     1.503048082475295
16    38    37     1.503048082475361
16    38    38     1.503048082475325
16    38    39     1.503048082475341
16    38    40     1.503048082475334
16    39    30     1.503048082471054
16    39    31     1.503048082477312
16    39    32     1.503048082474401
16    39    33     1.503048082475757
16    39    34     1.503048082475123
16    39    35     1.503048082475414
16    39    36     1.503048082475275
16    39    37     1.503048082475341
16    39    38     1.503048082475306
16    39    39     1.503048082475324
16    39    40     1.503048082475321
16    40    30     1.50304808247107
16    40    31     1.503048082477319
16    40    32     1.503048082474417
16    40    33     1.503048082475771
16    40    34     1.503048082475139
16    40    35     1.503048082475431
16    40    36     1.503048082475296
16    40    37     1.503048082475364
16    40    38     1.50304808247534
16    40    39     1.503048082475351
16    40    40     1.503048082475338
17    30    30     1.503048082471137
17    30    31     1.50304808247637
17    30    32     1.503048082473978
17    30    33     1.503048082475071
17    30    34     1.503048082474578
17    30    35     1.50304808247481
17    30    36     1.503048082474708
17    30    37     1.503048082474744
17    30    38     1.503048082474722
17    30    39     1.50304808247473
17    30    40     1.50304808247474
17    31    30     1.503048082472016
17    31    31     1.503048082477263
17    31    32     1.503048082474873
17    31    33     1.503048082475954
17    31    34     1.503048082475457
17    31    35     1.503048082475686
17    31    36     1.503048082475585
17    31    37     1.503048082475636
17    31    38     1.50304808247561
17    31    39     1.503048082475614
17    31    40     1.503048082475614
17    32    30     1.503048082471609
17    32    31     1.503048082476839
17    32    32     1.503048082474454
17    32    33     1.503048082475541
17    32    34     1.503048082475051
17    32    35     1.503048082475272
17    32    36     1.503048082475168
17    32    37     1.503048082475224
17    32    38     1.503048082475201
17    32    39     1.503048082475213
17    32    40     1.503048082475208
17    33    30     1.503048082471793
17    33    31     1.503048082477017
17    33    32     1.503048082474638
17    33    33     1.503048082475728
17    33    34     1.503048082475234
17    33    35     1.503048082475462
17    33    36     1.503048082475355
17    33    37     1.503048082475401
17    33    38     1.503048082475382
17    33    39     1.503048082475391
17    33    40     1.503048082475393
17    34    30     1.503048082471705
17    34    31     1.503048082476944
17    34    32     1.503048082474548
17    34    33     1.503048082475645
17    34    34     1.50304808247515
17    34    35     1.50304808247537
17    34    36     1.503048082475284
17    34    37     1.503048082475308
17    34    38     1.503048082475293
17    34    39     1.503048082475309
17    34    40     1.503048082475291
17    35    30     1.503048082471752
17    35    31     1.503048082476988
17    35    32     1.503048082474601
17    35    33     1.50304808247568
17    35    34     1.50304808247519
17    35    35     1.503048082475411
17    35    36     1.503048082475321
17    35    37     1.503048082475365
17    35    38     1.503048082475342
17    35    39     1.503048082475359
17    35    40     1.503048082475334
17    36    30     1.503048082471728
17    36    31     1.50304808247697
17    36    32     1.503048082474585
17    36    33     1.503048082475676
17    36    34     1.503048082475166
17    36    35     1.5030480824754
17    36    36     1.503048082475291
17    36    37     1.503048082475333
17    36    38     1.503048082475312
17    36    39     1.503048082475335
17    36    40     1.503048082475329
17    37    30     1.503048082471725
17    37    31     1.503048082476966
17    37    32     1.503048082474576
17    37    33     1.503048082475668
17    37    34     1.503048082475173
17    37    35     1.503048082475401
17    37    36     1.503048082475304
17    37    37     1.503048082475345
17    37    38     1.503048082475317
17    37    39     1.503048082475328
17    37    40     1.503048082475323
17    38    30     1.503048082471738
17    38    31     1.503048082476973
17    38    32     1.503048082474592
17    38    33     1.503048082475668
17    38    34     1.503048082475176
17    38    35     1.503048082475405
17    38    36     1.503048082475305
17    38    37     1.503048082475361
17    38    38     1.503048082475324
17    38    39     1.503048082475336
17    38    40     1.503048082475343
17    39    30     1.50304808247174
17    39    31     1.503048082476971
17    39    32     1.503048082474588
17    39    33     1.503048082475678
17    39    34     1.503048082475178
17    39    35     1.50304808247541
17    39    36     1.503048082475298
17    39    37     1.503048082475353
17    39    38     1.503048082475328
17    39    39     1.503048082475326
17    39    40     1.503048082475324
17    40    30     1.50304808247174
17    40    31     1.503048082476967
17    40    32     1.503048082474584
17    40    33     1.503048082475663
17    40    34     1.503048082475178
17    40    35     1.5030480824754
17    40    36     1.503048082475299
17    40    37     1.503048082475346
17    40    38     1.50304808247533
17    40    39     1.503048082475338
17    40    40     1.503048082475322
18    30    30     1.503048082470763
18    30    31     1.503048082476729
18    30    32     1.503048082473967
18    30    33     1.503048082475234
18    30    34     1.503048082474643
18    30    35     1.503048082474917
18    30    36     1.503048082474792
18    30    37     1.503048082474861
18    30    38     1.503048082474836
18    30    39     1.503048082474842
18    30    40     1.503048082474834
18    31    30     1.503048082471489
18    31    31     1.503048082477446
18    31    32     1.503048082474694
18    31    33     1.503048082475965
18    31    34     1.503048082475367
18    31    35     1.503048082475662
18    31    36     1.50304808247551
18    31    37     1.503048082475577
18    31    38     1.503048082475555
18    31    39     1.503048082475563
18    31    40     1.50304808247556
18    32    30     1.503048082471161
18    32    31     1.503048082477106
18    32    32     1.503048082474348
18    32    33     1.503048082475638
18    32    34     1.503048082475036
18    32    35     1.503048082475322
18    32    36     1.503048082475183
18    32    37     1.503048082475233
18    32    38     1.503048082475219
18    32    39     1.503048082475223
18    32    40     1.503048082475217
18    33    30       1.503048082471317
18    33    31       1.503048082477268
18    33    32       1.503048082474508
18    33    33       1.503048082475785
18    33    34       1.503048082475188
18    33    35       1.503048082475479
18    33    36       1.50304808247534
18    33    37       1.503048082475399
18    33    38       1.503048082475375
18    33    39       1.503048082475401
18    33    40       1.503048082475389
18    34    30       1.503048082471249
18    34    31       1.50304808247719
18    34    32       1.503048082474435
18    34    33       1.503048082475721
18    34    34       1.503048082475104
18    34    35       1.503048082475394
18    34    36       1.503048082475262
18    34    37       1.503048082475324
18    34    38       1.503048082475288
18    34    39       1.503048082475319
18    34    40       1.5030480824753
18    35    30       1.503048082471271
18    35    31       1.503048082477223
18    35    32       1.50304808247447
18    35    33       1.503048082475748
18    35    34       1.503048082475168
18    35    35       1.503048082475436
18    35    36       1.503048082475311
18    35    37       1.503048082475363
18    35    38       1.503048082475319
18    35    39       1.50304808247535
18    35    40       1.503048082475343
18    36    30       1.503048082471256
18    36    31       1.503048082477198


